#steady-1-unknown-delta-evolution
0	0	0	0	0	0	0	-0	0	0	0	0	0
1	-0.0921681976	0.102892924	0.0767183072	0.00928687707	-0.00620901369	-0.447703112	-5.46280389	-0.0101892454	0.0982475317	-0.0170306879	-0.0661161175	0.011923683
2	-0.570060416	-0.0675288027	0.226094053	-0.0325195915	0.00861257274	-0.678029058	-4.96882745	-0.0155599032	0.164638931	-0.0158348415	-0.533922988	0.163126369
3	-0.475214477	0.0732848549	0.238865882	-0.0053224359	-0.00810764064	-0.508844904	-4.45018815	-0.0934048034	0.0756748301	-0.0249670351	-0.56006624	0.144604042
4	-1.17353701	0.110005197	0.375876183	0.142716785	-0.106149945	-0.503967389	-4.92832795	-0.0847324118	0.138788093	-0.0109318117	-0.491420999	0.124746257
5	-0.116601978	0.110683732	0.10826217	-0.112407499	0.0691475103	-0.762987644	-5.07912499	-0.039597594	0.0859349248	-0.018201044	-0.556454786	0.225259141
6	-0.242421405	0.0311417973	0.215849635	0.0218951097	-0.0182527178	-1.18634634	-3.92285454	-0.0937745106	0.168686797	-0.0294708142	-0.592125352	0.291108601
7	-1.16680787	0.0675437153	0.390271868	0.11352682	-0.0898421825	-0.534936373	-4.96469128	-0.0725687785	0.13029881	-0.0250105837	-0.489630818	0.126138418
8	-1.15310013	-2.35103179e-005	0.417003085	0.0642808646	-0.0658730074	-0.526704279	-4.9256204	-0.0601993182	0.0860317234	-0.175336396	-0.491609357	0.12995477
9	-1.1281629	-0.171399087	0.479387017	-0.0550171151	-0.00713913817	-0.50960427	-4.94987558	0.00275787922	0.058228379	-0.455498483	-0.49024525	0.131383101
10	-1.05069345	-0.515276255	0.621035509	-0.291211399	0.129648363	-0.455612359	-4.76887243	0.17386073	0.00761665141	-1.07070271	-0.503971408	0.126680775
11	-0.745553451	-0.598552267	0.637256174	-0.442782285	0.276411229	-0.352302475	-3.33838514	0.368157584	-0.0872239769	-1.71749029	-0.616220892	0.114597549
12	-0.753510778	-0.659015209	0.648697276	-0.106460415	0.205202456	-0.202781553	2.78589864	0.52691753	-0.0362939169	-1.92113375	-0.958622765	0.0154579016
13	-0.977927943	-0.67007928	0.76809249	-0.388217912	0.227141401	-0.191743323	-4.99411108	0.30591311	-0.0577103847	-1.06856943	-0.484946517	0.117373176
14	-0.762132844	-0.541787422	0.654063272	-0.323388451	0.179328027	-0.20686743	-4.38737323	0.178782759	-0.0589578924	-1.06775598	-0.529952244	0.130441707
15	-0.309528036	-0.47315087	0.636974322	-0.313444715	0.187617278	-0.0798077761	-3.07674017	0.0797086203	-0.187506773	-1.06371501	-0.611465108	0.127092177
16	0.387327809	-0.42809813	0.664211168	-0.364740856	0.2864188	-0.0275730469	-1.16947657	0.0623831636	-0.348526803	-1.0536704	-0.739209172	0.109391004
17	0.4154113	-0.522630126	0.743309625	-0.430379572	0.360062022	-0.0570689769	-1.6572245	0.120090927	-0.29468036	-1.0530464	-0.710177897	0.119432072
18	0.863789779	-0.649928414	0.962446982	-0.564649541	0.54733623	-0.0990295426	-2.61922157	0.15714266	-0.293793449	-1.05274102	-0.647372241	0.148381553
19	1.13509052	-0.729306067	1.25957969	-0.612429162	0.735271544	-0.128399582	-2.55276258	0.278508056	-0.292725698	-1.05069823	-0.632497588	0.158574979
20	0.378025476	-0.454890959	0.640585905	-0.398737663	0.317837293	-0.132733467	-1.94206627	0.107586318	-0.232325325	-1.05226173	-0.704476082	0.126638997
21	0.160709942	-0.307809727	0.393765413	-0.310544221	0.198031483	-0.289601975	-2.14627015	0.0733000753	-0.116303927	-1.05042108	-0.709536401	0.132599599
22	0.324672226	-0.368045609	0.447970512	-0.308022035	0.196765543	-0.138041905	-1.53923369	0.078514882	-0.187643698	-1.05060643	-0.739860534	0.113302466
23	0.33699164	-0.418772313	0.584871645	-0.376833136	0.290465471	-0.169179146	-2.00146283	0.0997551915	-0.202803535	-1.05168877	-0.705321814	0.12856093
24	0.239209061	-0.345954763	0.470233753	-0.330914169	0.234946806	-0.244750895	-2.08514796	0.0838050052	-0.144217853	-1.05043531	-0.707949378	0.132036165
25	0.29282427	-0.380305795	0.522167535	-0.347446771	0.256742667	-0.19929748	-1.98528719	0.0902708352	-0.175244727	-1.05089634	-0.710159091	0.128509692
26	0.215271701	-0.307965171	0.413957306	-0.300550219	0.206611303	-0.26884232	-2.09784044	0.07547556	-0.116285658	-1.04943186	-0.711446212	0.132747818
27	0.258289253	-0.340907481	0.458248471	-0.315815651	0.22199584	-0.22148368	-1.96593115	0.0801340021	-0.14854073	-1.0499985	-0.715828232	0.128069934
28	0.181658394	-0.269788418	0.360372479	-0.268912684	0.17996097	-0.295113812	-2.10399167	0.067735752	-0.0886438029	-1.04834214	-0.714823632	0.133541192
29	0.215778149	-0.300056659	0.391231783	-0.280974447	0.184488654	-0.241562594	-1.91439075	0.0686512126	-0.123270396	-1.04896534	-0.723055052	0.12682816
30	0.236100304	-0.322544944	0.432160245	-0.302965801	0.209612759	-0.238812732	-1.98516546	0.0763378017	-0.134022335	-1.04953212	-0.716402476	0.129040711
31	0.20284238	-0.285473833	0.379127241	-0.276291285	0.184243733	-0.268343828	-2.02685374	0.0685239118	-0.105268101	-1.04855364	-0.717954471	0.130770791
32	0.221633132	-0.303508119	0.405153757	-0.28821598	0.19604666	-0.251501698	-1.99848547	0.072137998	-0.120070471	-1.04898836	-0.71776854	0.129600234
33	0.18351666	-0.266227999	0.352529614	-0.260855994	0.17103127	-0.281968548	-2.03418586	0.0642463946	-0.0914897186	-1.04792186	-0.719356935	0.131346364
34	0.202377847	-0.284163389	0.377340618	-0.272589753	0.182013089	-0.265105969	-2.00143519	0.067752642	-0.106392315	-1.04839524	-0.719468351	0.129985889
35	0.170108959	-0.24650463	0.325223985	-0.243937513	0.156872714	-0.293060032	-2.03725111	0.0596906274	-0.078131222	-1.04722275	-0.721321421	0.131581205
36	0.156063951	-0.226823245	0.29858283	-0.227399771	0.14252721	-0.304076689	-2.04121863	0.0551160756	-0.0647638824	-1.04656844	-0.723285624	0.13182888
37	0.136189692	-0.207000514	0.271750447	-0.210207361	0.128770798	-0.316654209	-2.04044832	0.0505850412	-0.0515314617	-1.0458353	-0.725154011	0.13214447
38	0.145304531	-0.216641467	0.28496523	-0.218005454	0.135084977	-0.310324384	-2.03422832	0.0526733704	-0.0584161602	-1.04616108	-0.724554678	0.131795138
39	0.133361737	-0.196655196	0.258008755	-0.200263458	0.121666162	-0.320323193	-2.04144943	0.0480255124	-0.0453423767	-1.04531204	-0.726296997	0.132148368
40	0.0968743305	-0.156302979	0.204542975	-0.164105255	0.0942250124	-0.341928241	-2.0354547	0.0386910809	-0.0195700391	-1.04354143	-0.730446777	0.132606825
41	0.116858252	-0.175765059	0.22909865	-0.179512866	0.105994074	-0.329441391	-2.02040926	0.0430103641	-0.0332088316	-1.0443316	-0.72949655	0.131735827
42	0.090053571	-0.135931245	0.179371773	-0.143123134	0.081815396	-0.351098739	-2.04297999	0.0344750678	-0.00692896634	-1.04230871	-0.732161488	0.132829571
43	0.0185974202	-0.0493678444	0.0622970609	-0.0567045701	0.0163788972	-0.376977655	-1.93115917	0.0116007321	0.0381224425	-1.03777894	-0.747050445	0.130307177
44	0.0757501197	-0.0922859806	0.113339999	-0.0876252021	0.0434417058	-0.360114359	-1.93403401	0.0255790212	0.0150982026	-1.03971272	-0.743193946	0.129169738
45	0.0720210064	-0.114891264	0.15302795	-0.122046963	0.0678772149	-0.359974312	-2.03174188	0.0294627035	0.00503790696	-1.0407232	-0.734693849	0.132824267
46	0.0443239036	-0.072553143	0.100265615	-0.078678846	0.0398453095	-0.37550146	-2.01391745	0.0193927927	0.0286765236	-1.03718794	-0.739906377	0.132720341
47	0.0598814915	-0.0933991975	0.126712518	-0.0986508071	0.0535272558	-0.366742993	-2.02009483	0.0244276868	0.0164746353	-1.03852967	-0.73756372	0.132597773
48	0.0295498851	-0.050909351	0.0740288682	-0.0539486757	0.0258673708	-0.382691585	-2.00422793	0.0143573434	0.0399351259	-1.03393702	-0.742550385	0.132626916
49	0.0450276797	-0.0717275029	0.0995883653	-0.0739749672	0.0388669183	-0.373790357	-2.00502497	0.0193720604	0.0276889217	-1.03570106	-0.740529991	0.132310722
50	0.0169029939	-0.0290359789	0.0465518619	-0.0269919471	0.0110641643	-0.389128309	-1.99452209	0.00932177293	0.0509074963	-1.0294637	-0.745384201	0.132389233
51	0.0317549813	-0.0499108874	0.0716489853	-0.0475762929	0.0236916095	-0.380259098	-1.992138	0.0143220218	0.0387160443	-1.03184861	-0.743541685	0.131986767
52	0.00424653349	-0.00719344427	0.0174479829	0.00250260511	-0.00449326529	-0.395635801	-1.99137997	0.00439278977	0.061892702	-1.02279511	-0.748030114	0.132242825
53	0.0192386734	-0.0279352932	0.0414774176	-0.0181999532	0.00724398792	-0.386258489	-1.98133669	0.00928539158	0.0495269325	-1.0262367	-0.746665337	0.131587166
54	0.000719771245	0.000809017499	0.00275177884	0.0195344643	-0.012566764	-0.397307553	-1.99508288	0.00280118845	0.0654778898	-1.01645988	-0.749148105	0.132018773
55	0.00639484956	-0.00600219517	0.00774786472	0.0153177701	-0.0109839384	-0.392520951	-1.98153108	0.00424150381	0.0603706953	-1.01721083	-0.749523996	0.131344437
56	0.0131199367	-0.0171384004	0.0177698775	0.00511997482	-0.00542290854	-0.389617373	-1.99412775	0.00690118552	0.0551154007	-1.01507405	-0.747994962	0.131494787
57	0.0165778275	-0.0225081288	0.0263348255	-0.0030897769	-0.000941380486	-0.387727844	-1.99117224	0.00813810356	0.0522530119	-1.01822086	-0.747443898	0.131459053
58	0.010588838	-0.011665776	-0.00542831877	0.0283924126	-0.0180863281	-0.390737915	-2.01178591	0.00586325146	0.0577062615	-1.00120895	-0.749033132	0.131179606
59	0.0139194494	-0.0170642283	0.00511703576	0.0185228798	-0.0125288569	-0.388927178	-2.00719595	0.00708371896	0.0548586553	-1.00228816	-0.748421992	0.131183068
60	0.0152162501	-0.0197883781	0.0146845433	0.00859877824	-0.0073062703	-0.38830092	-2.00004233	0.00762380157	0.0535490557	-1.01118277	-0.747961898	0.131301007
61	0.0158942738	-0.0211497905	0.019414016	0.0039186033	-0.00474298093	-0.387963604	-1.99672902	0.00789847269	0.0528788703	-1.01364749	-0.747738687	0.131353386
62	0.0149470851	-0.0184326574	0.00565448858	0.0177881521	-0.0122832357	-0.388393619	-2.00799843	0.00741762606	0.054133929	-1.00476285	-0.748325623	0.131144454
63	0.0156272831	-0.0198047581	0.0105089566	0.0130095733	-0.00965262171	-0.388057647	-2.00464876	0.0076931568	0.0534601075	-1.00643218	-0.748097517	0.13119941
64	0.0149958341	-0.0171399747	-0.00985979824	0.0337436547	-0.0208893966	-0.388143893	-2.02274091	0.00732915127	0.0545625588	-0.989343769	-0.74890029	0.130827575
65	0.0144879772	-0.0185010692	0.011539554	0.0125569398	-0.00905715291	-0.388655126	-2.00271819	0.00735193352	0.0541937004	-0.998165498	-0.748137372	0.131274272
66	0.0147282595	-0.019280273	0.0158319915	0.00759834533	-0.00666918334	-0.388565009	-1.99860092	0.00747701789	0.0538478285	-1.01445674	-0.747947768	0.131351505
67	0.0131700676	-0.0193820376	0.0395596206	-0.0166536966	0.00655887169	-0.389737779	-1.97435478	0.00713486564	0.0542259511	-1.04296345	-0.747160341	0.131920292
68	0.0144502557	-0.0186094145	0.0141455195	0.00936323652	-0.00758493732	-0.388744723	-1.99980538	0.00733244045	0.0541874113	-1.01073183	-0.748037132	0.131340338
69	0.0137370821	-0.0172465698	0.00877911719	0.0148968182	-0.0105203583	-0.389048253	-2.00389594	0.00706924989	0.0548409793	-1.00921893	-0.748283526	0.131270297
70	0.0125120279	-0.0145311996	-0.00136701201	0.0253433308	-0.0160534591	-0.389662717	-2.01176088	0.00653456894	0.0561544635	-1.00049121	-0.74875017	0.131148052
71	0.0133887914	-0.0159074694	0.00052507389	0.0233557448	-0.015061702	-0.389185252	-2.01132475	0.00685283849	0.0554310113	-1.0001573	-0.748612652	0.131136851
72	0.0137741289	-0.0178768053	0.0156913276	0.00778519194	-0.00669866646	-0.389124155	-1.9974204	0.00712246673	0.0546186463	-1.01580335	-0.748026499	0.131407923
73	0.0136442612	-0.0169060373	0.0074855435	0.0162303085	-0.011230759	-0.389112334	-2.004983	0.00700240556	0.0550051124	-1.00871976	-0.748342838	0.131254349
74	0.0135407757	-0.0172273955	0.0107065281	0.0129353762	-0.00946284602	-0.389146225	-2.00192742	0.00703431669	0.0548859441	-1.01167463	-0.748222187	0.131316788
75	0.013545133	-0.016572079	0.00493012726	0.0189003736	-0.012658111	-0.389112978	-2.00738309	0.00695712576	0.0551422259	-1.00662196	-0.748443854	0.13120707
76	0.0133529377	-0.0178259629	0.0189996111	0.00441868107	-0.00488576956	-0.389303244	-1.99398692	0.00705782771	0.0547056181	-1.020089	-0.747922408	0.131488311
77	0.0130926639	-0.0158919142	0.0026972859	0.0212262501	-0.0138902783	-0.389281849	-2.00904508	0.00681817638	0.0554761262	-1.00565712	-0.74855098	0.131183419
78	0.0130016343	-0.0163896936	0.00911019256	0.0146182974	-0.010334983	-0.389400909	-2.00284238	0.00684561651	0.0553175997	-1.01237053	-0.748317195	0.131314835
79	0.0124953032	-0.0167199976	0.0205071158	0.00282662735	-0.00398530413	-0.38983876	-1.99127325	0.00675227057	0.0553418819	-1.02551981	-0.747928147	0.131574114
80	0.0128373143	-0.016055317	0.00891214353	0.0148164157	-0.0104283702	-0.389522322	-2.00278642	0.00676296074	0.0554984526	-1.0124117	-0.74833932	0.131325702
81	0.012431535	-0.0153752523	0.00680592617	0.0170564552	-0.0116026075	-0.389676503	-2.00446301	0.00662238097	0.0558332512	-1.01132469	-0.748443815	0.131303862
82	0.0119106561	-0.0140165796	0.000149958078	0.0239348735	-0.0152508142	-0.389898122	-2.01011684	0.00637885096	0.0564605501	-1.00662804	-0.748727748	0.131205445
83	0.012255645	-0.0147030505	0.00244585448	0.0215919648	-0.0140066203	-0.389723242	-2.00845352	0.00651869666	0.0561237423	-1.00760715	-0.748619475	0.131229137
84	0.0119620024	-0.0133728303	-0.00760815621	0.0320352841	-0.0195580515	-0.389766927	-2.01769559	0.0063363216	0.0566734404	-0.998815768	-0.749013474	0.131047198
85	0.0115573055	-0.0140846298	0.00563878815	0.0184950618	-0.0122047755	-0.390137922	-2.00453143	0.00631578776	0.0565170046	-1.00618302	-0.748554078	0.131327268
86	0.0119914809	-0.0149093177	0.00778462171	0.0160318054	-0.0110341546	-0.389911187	-2.00299195	0.00648776499	0.0561064988	-1.01376828	-0.74843527	0.131348074
87	0.0118508086	-0.0145693268	0.00681504472	0.0170452922	-0.0115607541	-0.389996088	-2.003724	0.00641618828	0.0562756504	-1.01373127	-0.748483896	0.131339881
88	0.0118063403	-0.0152101677	0.0132515391	0.0103703459	-0.00800210767	-0.390058066	-1.99757197	0.00647915704	0.0560394069	-1.0197223	-0.748242582	0.131465433
89	0.0115449045	-0.0142380299	0.0068829851	0.0169630357	-0.0115088345	-0.390142281	-2.00327171	0.00633033494	0.0564588446	-1.01463306	-0.748497907	0.131356518
90	0.011747417	-0.0144007198	0.00574449951	0.0181646683	-0.0121552499	-0.390013236	-2.00466977	0.00638983559	0.0563488115	-1.01293318	-0.748527357	0.131321547
91	0.0116931271	-0.0140640099	0.00353632209	0.020462898	-0.0133735452	-0.390034013	-2.00670819	0.00633840429	0.0564938409	-1.0112724	-0.748616153	0.131283511
92	0.0114838803	-0.0133942797	-0.00121927631	0.0254257816	-0.0160035747	-0.390069896	-2.01106359	0.00624185722	0.0567756338	-1.00752178	-0.748804689	0.131199017
93	0.011598515	-0.0137365	0.000697790938	0.0234435989	-0.0149507631	-0.390023599	-2.00940723	0.006299223	0.0566222127	-1.00873884	-0.748725197	0.13122969
94	0.0115734272	-0.0130844076	-0.00516545782	0.0295749882	-0.018196566	-0.389989278	-2.01502285	0.00622480239	0.0568743778	-1.00347793	-0.748948925	0.131117789
95	0.0114962499	-0.0140034492	0.00536791087	0.018569634	-0.012353831	-0.390144469	-2.00473695	0.00629447256	0.0565593733	-1.01347833	-0.748560696	0.131329306
96	0.0114044147	-0.0146328138	0.0122604365	0.0113919779	-0.00855021735	-0.390213291	-1.99816847	0.00634649317	0.0563373964	-1.01997132	-0.748305748	0.131465953
97	0.0112832124	-0.0136632841	0.00398996291	0.0200335822	-0.0131242065	-0.390196791	-2.00597277	0.00622873039	0.0567206882	-1.01249092	-0.748623185	0.131310777
98	0.011109748	-0.0129880702	-0.000219257761	0.0244103316	-0.015441015	-0.390260936	-2.0097535	0.00612228561	0.0570154557	-1.00940023	-0.748793866	0.131239968
99	0.0112342722	-0.0133293663	0.00154681665	0.0225880251	-0.0144729886	-0.390206859	-2.00826135	0.00618178455	0.0568598189	-1.01050391	-0.748719368	0.131267016
100	0.0110713944	-0.0126631922	-0.00348015205	0.0278440372	-0.0172509466	-0.390221726	-2.01295955	0.00609035594	0.0571346801	-1.00639417	-0.748916368	0.131175948
101	0.0112220377	-0.0136531166	0.00457420255	0.0194199661	-0.0127984971	-0.390218709	-2.00540097	0.00621653789	0.0567366754	-1.01330851	-0.748604871	0.131325124
102	0.0111797928	-0.0131650889	0.000153125502	0.0240525005	-0.0152457682	-0.39019644	-2.00962087	0.00616142407	0.0569247358	-1.00928394	-0.748773086	0.13124074
103	0.0112204935	-0.0134898522	0.0031429924	0.0209204944	-0.0135900669	-0.390209137	-2.00679291	0.00619722628	0.056800436	-1.01199695	-0.748659519	0.131298086
104	0.0110716353	-0.0128315073	-0.00236621922	0.0267037351	-0.0166418534	-0.390175393	-2.0121449	0.00611482312	0.0570620433	-1.0072099	-0.748872209	0.13119472
105	0.0111429616	-0.014118228	0.0101449304	0.0135870234	-0.00970966031	-0.39027392	-2.00013158	0.00624640713	0.0565816164	-1.0188374	-0.748400443	0.131438053
106	0.010870758	-0.0121541897	-0.0061977691	0.0306942417	-0.0187471261	-0.390261066	-2.01552884	0.00600194097	0.0573646364	-1.00437957	-0.74903043	0.131133208
107	0.0107970021	-0.0129769266	0.00330118915	0.0207432296	-0.0134759705	-0.390405263	-2.00621471	0.00606289435	0.0570841676	-1.01405328	-0.748680323	0.131324548
108	0.0105346568	-0.0122954855	0.000408038866	0.0237919143	-0.0150627484	-0.390534744	-2.00866394	0.00593460369	0.0574054025	-1.01270292	-0.748808663	0.131285254
109	0.0103175795	-0.010979734	-0.0106647478	0.0353992809	-0.0211899977	-0.39052154	-2.01911328	0.00577273726	0.0579271869	-1.00300876	-0.74923464	0.131078035
110	0.0102415021	-0.0128372819	0.00949536654	0.0142167008	-0.0100058083	-0.390780796	-1.99938297	0.00593009338	0.057271779	-1.02203281	-0.748486553	0.131479112
111	0.0104131265	-0.0119603947	-0.00193346845	0.0262541948	-0.0163574109	-0.390557987	-2.01080195	0.00588592329	0.0575467727	-1.01085662	-0.748901648	0.131243881
112	0.0103058599	-0.0112939398	-0.00689993713	0.0314885555	-0.019104505	-0.390574344	-2.01549912	0.00579406614	0.0578222699	-1.00678546	-0.749096751	0.131154047
113	0.0104534849	-0.0122824616	0.00115679515	0.0229971021	-0.0146472661	-0.390572849	-2.00786103	0.00591928428	0.0574258751	-1.01373539	-0.748785261	0.131303623
114	0.0104139328	-0.0117954662	-0.00327606423	0.0276787228	-0.0171032205	-0.390549071	-2.01213828	0.00586494494	0.0576127763	-1.00969115	-0.748953812	0.131218744
115	0.0103418256	-0.0114683846	-0.00612429424	0.0306880652	-0.0186826251	-0.390540902	-2.01485598	0.00582638241	0.057740561	-1.00714611	-0.749062981	0.131164717
116	0.0103669773	-0.0119511969	-0.0015341187	0.0258390984	-0.0161380513	-0.390574869	-2.01040371	0.00587712948	0.057558789	-1.01141276	-0.748889403	0.131253648
117	0.010371607	-0.0117874838	-0.0029441119	0.0273342789	-0.0169209173	-0.390562978	-2.01180774	0.0058575405	0.0576229363	-1.01015274	-0.748943675	0.131226859
118	0.0102935117	-0.0114580563	-0.00566671808	0.0302092983	-0.0184293218	-0.390561961	-2.01438824	0.00581639377	0.0577542701	-1.00778666	-0.749048853	0.131175979
119	0.0103407513	-0.0119467278	-0.00132845995	0.0256281207	-0.0160263113	-0.390580172	-2.0102186	0.00587259428	0.0575647796	-1.0116964	-0.748883172	0.131258589
120	0.0103361644	-0.0117817867	-0.00267201928	0.0270516352	-0.0167714428	-0.39057275	-2.01154446	0.00585163191	0.057630806	-1.01053146	-0.748935319	0.131233476
121	0.0102545308	-0.0114509327	-0.00531094447	0.029837028	-0.0182325353	-0.390576384	-2.01403391	0.00580879731	0.0577644302	-1.00828308	-0.749037832	0.131184686
122	0.0103157938	-0.01194298	-0.00113648018	0.0254302698	-0.0159215701	-0.390584505	-2.010048	0.00586843475	0.0575701556	-1.01196121	-0.74887731	0.131263204
123	0.0102973418	-0.0116997158	-0.00336659009	0.0277872716	-0.0171574206	-0.390571671	-2.0122024	0.00584158791	0.0576631985	-1.00991768	-0.7489621	0.131220363
124	0.0102937554	-0.0115364262	-0.00479963961	0.0293054614	-0.0179521022	-0.390559371	-2.01362337	0.00582243995	0.0577267272	-1.00862717	-0.749017057	0.131193041
125	0.0102746034	-0.0118559702	-0.00161377189	0.0259377582	-0.0161861911	-0.390588966	-2.01051377	0.00585352726	0.0576091007	-1.0116572	-0.748897319	0.131255489
126	0.0102357308	-0.0112056427	-0.00749454172	0.0321560151	-0.0194453101	-0.390552806	-2.01622272	0.00578042232	0.0578592136	-1.006296	-0.749121517	0.131142786
127	0.010276952	-0.0121697733	0.00179115804	0.0223379545	-0.0142965221	-0.390627402	-2.00719397	0.00587972691	0.0574985128	-1.01497871	-0.748770824	0.131323408
128	0.0102592403	-0.0116896637	-0.00287409468	0.027269795	-0.0168835618	-0.390588152	-2.01173469	0.00583090178	0.0576774138	-1.01061124	-0.748946757	0.131232504
129	0.0101794047	-0.0113586398	-0.00550067561	0.0300441008	-0.0183378655	-0.390590949	-2.01422098	0.00578782204	0.0578113155	-1.00837731	-0.749048922	0.13118398
130	0.0102440049	-0.0118515114	-0.00136794087	0.0256794004	-0.0160502208	-0.390596573	-2.01027996	0.00584828649	0.0576158813	-1.01199994	-0.748889673	0.131261494
131	0.0102225513	-0.0116074964	-0.00356242129	0.0279998511	-0.0172661192	-0.390585894	-2.01239567	0.00582070841	0.0577099538	-1.01000491	-0.748973363	0.131219526
132	0.0102184247	-0.011443958	-0.00498387153	0.0295046447	-0.0180536622	-0.390576055	-2.0137931	0.00580136107	0.0577738457	-1.00873241	-0.749027921	0.131192524
133	0.0102007806	-0.0117645359	-0.0018399971	0.0261813182	-0.0163116521	-0.390600847	-2.01074196	0.00583328762	0.0576548993	-1.01170216	-0.748909515	0.131253902
134	0.0101585246	-0.0111130667	-0.00766398034	0.0323411345	-0.0195385377	-0.390569053	-2.01638412	0.00575906455	0.057906629	-1.00641927	-0.749131936	0.131142602
135	0.0102093944	-0.0120798157	0.00150913912	0.0226375443	-0.0144527121	-0.390636805	-2.00747675	0.00586073172	0.057542554	-1.01495086	-0.748784697	0.131320471
136	0.0101865375	-0.0115981799	-0.0030974063	0.0275096705	-0.0170069041	-0.390601186	-2.01195392	0.00581063477	0.057723302	-1.01066078	-0.748958841	0.131231008
137	0.0101029287	-0.0112670154	-0.00571225613	0.0302745722	-0.0184551602	-0.39060218	-2.01444279	0.00576728495	0.0578574417	-1.00843903	-0.749060693	0.131182716
138	0.0101366674	-0.011429067	-0.00421605443	0.0286940642	-0.0176263578	-0.390605705	-2.01303245	0.00578491255	0.0577956304	-1.00981451	-0.749003911	0.13121147
139	0.0101149028	-0.0117476568	-0.00099804062	0.0252873738	-0.0158421433	-0.390637003	-2.00988344	0.0058152005	0.0576791508	-1.01289817	-0.748883184	0.131274749
140	0.0100850271	-0.0112635983	-0.00552798812	0.0300827774	-0.0183534744	-0.390606348	-2.01427882	0.00576332872	0.0578625386	-1.0086922	-0.749054994	0.131187193
141	0.0101103206	-0.0114249	-0.00399921164	0.0284669618	-0.0175064225	-0.390611945	-2.01283011	0.00578022076	0.0578017299	-1.01011593	-0.748997183	0.131216772
142	0.0100959103	-0.0117451179	-0.000846014894	0.0251285417	-0.0157583783	-0.390639455	-2.00975251	0.0058119418	0.0576832147	-1.01310652	-0.748878447	0.131278445
143	0.0100575924	-0.0112588983	-0.00527752357	0.0298192521	-0.0182143926	-0.390614925	-2.01403697	0.00575798031	0.0578695428	-1.00904004	-0.749047183	0.131193342
144	0.0100593346	-0.0110964626	-0.00674905759	0.0313806856	-0.0190305735	-0.390601392	-2.01549704	0.00573973309	0.0579318877	-1.00768983	-0.749103354	0.131165044
145	0.0100682364	-0.0113370002	-0.00441544058	0.0289083318	-0.01773623	-0.390621091	-2.01322088	0.00576417843	0.057842267	-1.00989058	-0.749015253	0.131210572
146	0.0100439183	-0.0114957715	-0.00278613556	0.027183607	-0.0168332464	-0.390637498	-2.01162463	0.00577880423	0.0577846735	-1.01146102	-0.74895426	0.131242717
147	0.0100232761	-0.0111685336	-0.00561848332	0.0301845874	-0.0184026438	-0.390623294	-2.01438023	0.00574006225	0.0579127027	-1.00892904	-0.749063052	0.131188959
148	0.00993342153	-0.0105159286	-0.0113770268	0.0362848712	-0.0215945904	-0.390598554	-2.01993157	0.00566460085	0.0581660897	-1.00372732	-0.749283518	0.131079162
149	0.00987108413	-0.0114369141	-0.00105327379	0.0253493748	-0.0158605509	-0.390747216	-2.00969169	0.00573653056	0.0578476887	-1.01364849	-0.748901427	0.131286619
150	0.00991786896	-0.0117595621	0.00200634912	0.0221116822	-0.0141655887	-0.390762484	-2.00676243	0.00577040678	0.0577260615	-1.01647127	-0.748785807	0.131345795
151	0.00984260988	-0.0112673671	-0.00197003918	0.0263178693	-0.0163658667	-0.3907652	-2.01054429	0.00570766238	0.0579239402	-1.01298832	-0.748939731	0.131272117
152	0.00971568648	-0.0109314007	-0.00421761592	0.02869429	-0.0176099499	-0.390791446	-2.0126041	0.00565738991	0.0580672299	-1.01123544	-0.74902984	0.131232887
153	0.00960867772	-0.0102636905	-0.00906951235	0.0338276855	-0.0202919451	-0.390816704	-2.01718422	0.00556374919	0.0583451502	-1.00728739	-0.749221262	0.131145795
154	0.00971846975	-0.0106059376	-0.00712146017	0.0317824956	-0.0192207012	-0.390771213	-2.01546619	0.00562030846	0.0581928672	-1.00856901	-0.749140792	0.131177325
155	0.00972840136	-0.0112546012	-0.00118367115	0.0254851857	-0.0159323416	-0.390805003	-2.00969872	0.0056916663	0.0579448164	-1.01403569	-0.748915079	0.131291366
156	0.00963181723	-0.0102764002	-0.00981762766	0.0346465978	-0.0207167198	-0.390770485	-2.01804069	0.0055788328	0.0583245235	-1.0062108	-0.749245177	0.131126962
157	0.00965917163	-0.0107580719	-0.00528017403	0.0298297717	-0.0182004341	-0.390802647	-2.0136166	0.00562988074	0.0581426789	-1.01045372	-0.749073333	0.131214806
158	0.00970643229	-0.0110815354	-0.00227319246	0.0266389649	-0.0165336202	-0.390816052	-2.01073047	0.00566470693	0.0580198271	-1.01324246	-0.748959288	0.131272787
159	0.00963731109	-0.0105892838	-0.00632573532	0.03093886	-0.0187773323	-0.390814253	-2.01460763	0.00560332409	0.0582161172	-1.0096969	-0.749115876	0.131197099
160	0.00959112031	-0.0107488393	-0.00472126862	0.0292465845	-0.0178930472	-0.390826448	-2.01305083	0.0056184849	0.0581575137	-1.01122243	-0.749055927	0.131228384
161	0.00956829929	-0.0104183433	-0.00736440436	0.0320550832	-0.019355898	-0.390823503	-2.01560944	0.00557604827	0.0582906105	-1.00894888	-0.749158655	0.131179333
162	0.00955940818	-0.0110647331	-0.00131957141	0.0256473375	-0.0160103147	-0.39085367	-2.00977855	0.00564482174	0.0580456491	-1.01455993	-0.748929759	0.131295899
163	0.00943184682	-0.0100818699	-0.00954993814	0.0343854541	-0.0205683109	-0.390842581	-2.01767661	0.00552453557	0.0584350026	-1.00727217	-0.749247014	0.131141354
164	0.0093629832	-0.0101883346	-0.00697049435	0.0316350079	-0.0191272627	-0.390927615	-2.01499702	0.00551083298	0.0584230674	-1.01029241	-0.749157708	0.131198784
165	0.00925799434	-0.00985917946	-0.0096485599	0.0345125688	-0.0206206635	-0.390919178	-2.01762192	0.00546925978	0.0585543751	-1.00789352	-0.749261996	0.131148333
166	0.00922298185	-0.0104720818	-0.00244527056	0.0268289062	-0.01661419	-0.391032005	-2.01041861	0.00551129429	0.0583489291	-1.0152251	-0.748996611	0.131294814
167	0.00914633995	-0.009518322	-0.0110977963	0.0360499985	-0.0214124742	-0.39098518	-2.01885584	0.00540531325	0.0587145373	-1.00719682	-0.749326114	0.131128687
168	0.00911119906	-0.00981580366	-0.00723655822	0.0319460732	-0.0192695924	-0.391049365	-2.01502442	0.00541989268	0.0586211346	-1.01121974	-0.749185846	0.131208209
169	0.00907531526	-0.0104511708	-0.000798781612	0.0250614755	-0.0156952056	-0.39111993	-2.0086145	0.00547949272	0.0583898924	-1.01746489	-0.748944138	0.1313354
170	0.00888994226	-0.00947582006	-0.00811295906	0.0328661994	-0.019741552	-0.39115461	-2.01556377	0.00534695414	0.0587912043	-1.01117928	-0.749230907	0.131202602
171	0.00892765644	-0.00979576042	-0.00496309057	0.0295232951	-0.0179966992	-0.391174525	-2.01253116	0.00537858151	0.0586729406	-1.01420225	-0.749112506	0.131264094
172	0.00867408917	-0.00911826582	-0.00882945572	0.0336476239	-0.0201284842	-0.391265695	-2.01599061	0.00526736217	0.0589732738	-1.01155898	-0.749272337	0.131200995
173	0.0084789717	-0.00779415437	-0.0192090596	0.0447102864	-0.0258753174	-0.391280852	-2.02594908	0.00509432844	0.0595095207	-1.00256885	-0.749676556	0.131009725
174	0.00841697151	-0.00963763809	0.000540519465	0.0236283107	-0.0149014542	-0.391533964	-2.00623631	0.00525159656	0.058857591	-1.02128879	-0.748942316	0.131403192
175	0.00864210594	-0.00878689683	-0.0113936195	0.0363971066	-0.0215500814	-0.391265429	-2.01849811	0.00522360647	0.059107913	-1.00936399	-0.749372567	0.131153747
176	0.00856345367	-0.00845925754	-0.0141649272	0.0393722026	-0.0230898756	-0.391260387	-2.02118553	0.00518413006	0.0592367959	-1.00687051	-0.749479349	0.131101324
177	0.00859488106	-0.00894273744	-0.00968264167	0.0345636308	-0.0206018973	-0.391289847	-2.01676494	0.00523606733	0.0590535244	-1.01107344	-0.749309195	0.131187992
178	0.00863386862	-0.00910450347	-0.00819317856	0.0329708833	-0.0197763775	-0.391292636	-2.01534362	0.00525356897	0.0589919384	-1.01246087	-0.749252709	0.131216637
179	0.00857614341	-0.00902152304	-0.00881889004	0.0336485738	-0.0201273027	-0.391294608	-2.01594114	0.00524230709	0.0590258356	-1.01192391	-0.749277429	0.131205055
180	0.00856895474	-0.00885502294	-0.0100472943	0.0349648728	-0.0208071185	-0.391296057	-2.0171457	0.00521935404	0.0590945701	-1.01089899	-0.749325817	0.131182782
181	0.00847791705	-0.00852408103	-0.0126344091	0.0377424772	-0.0222435607	-0.391298688	-2.0196445	0.00517603054	0.0592285143	-1.00866742	-0.749426818	0.131134912
182	0.00849173587	-0.00836168087	-0.0140856326	0.0393039782	-0.0230491652	-0.391285904	-2.02111026	0.00515771558	0.059290966	-1.00732072	-0.749482317	0.131107011
183	0.00849973761	-0.0086012848	-0.0117580318	0.0368029375	-0.0217560868	-0.39130638	-2.01879735	0.00518171807	0.0592020879	-1.00955843	-0.749394474	0.131152582
184	0.0084650264	-0.00875961901	-0.0101347651	0.0350638865	-0.0208571875	-0.391322363	-2.01718184	0.00519610831	0.0591447836	-1.01114763	-0.749333791	0.131184624
185	0.00844010921	-0.00843018984	-0.0128090611	0.0379363756	-0.0223391989	-0.391317561	-2.01980569	0.00515471038	0.0592763505	-1.00879355	-0.749437498	0.131134627
186	0.00843523932	-0.00907466194	-0.00675885549	0.0314466096	-0.0189849898	-0.391355665	-2.01385013	0.00522241175	0.0590333629	-1.01450871	-0.749208321	0.131251888
187	0.00832037488	-0.00809505348	-0.0150940845	0.0403933659	-0.0236069204	-0.391336017	-2.02197806	0.00510548404	0.0594179056	-1.0069584	-0.749528906	0.131094191
188	0.00838996748	-0.0085858219	-0.0110913265	0.0360985582	-0.021388727	-0.391336405	-2.01810037	0.00516682719	0.0592221446	-1.01051877	-0.749373976	0.131168982
189	0.00843574896	-0.00890914462	-0.00811840603	0.0329040986	-0.0197378904	-0.391350283	-2.01519856	0.00520179235	0.0590992218	-1.01330813	-0.749260902	0.131226425
190	0.00837162345	-0.00841781947	-0.0122041414	0.0372907345	-0.0220028378	-0.391345505	-2.01916996	0.00514167337	0.0592937556	-1.00965627	-0.74941864	0.131149592
191	0.00834081028	-0.00857847189	-0.0106528074	0.035647555	-0.0211497169	-0.391338759	-2.01774848	0.00515746196	0.0592336065	-1.01111363	-0.749360626	0.13117939
192	0.00830455902	-0.00825042774	-0.0134019938	0.0386010581	-0.0226726516	-0.391329393	-2.02045128	0.00511757907	0.0593630506	-1.00865086	-0.74946676	0.131127489
193	0.00832720921	-0.00889505136	-0.00737471972	0.032118306	-0.019325418	-0.391369207	-2.01450033	0.00518555552	0.0591198707	-1.01435746	-0.749237864	0.131244592
194	0.00821998199	-0.00791660825	-0.0157954458	0.0411673326	-0.0239960761	-0.391343998	-2.02273184	0.00507049392	0.0595020733	-1.0066758	-0.749561451	0.131084551
195	0.00827802025	-0.00840484848	-0.0116586203	0.0367223926	-0.0217020314	-0.391352984	-2.0186974	0.00512895227	0.0593101848	-1.01043237	-0.749402128	0.13116282
196	0.00830599116	-0.00872749912	-0.00866119444	0.0334968428	-0.0200370601	-0.39136994	-2.01575295	0.00516326296	0.059188138	-1.01326444	-0.749288191	0.131220972
197	0.00824399222	-0.00823678103	-0.0127655053	0.0379083825	-0.0223127634	-0.391363789	-2.01974965	0.00510367371	0.0593819386	-1.00957848	-0.749446586	0.131143588
198	0.00821328105	-0.00855698349	-0.009651231	0.034573839	-0.0205862303	-0.39136768	-2.01678522	0.00513487854	0.0592630423	-1.01255878	-0.749329358	0.131204311
199	0.00809542795	-0.00789154103	-0.0145979412	0.0398857345	-0.0233235076	-0.391390088	-2.0215237	0.00504420205	0.0595369011	-1.008416	-0.749524036	0.131114314
200	0.00799672538	-0.006593886	-0.0262652692	0.0524509259	-0.0298015465	-0.391318598	-2.03308046	0.0048995872	0.0600344665	-0.997534126	-0.749969933	0.130889555
201	0.00740846901	-0.00729635857	-0.0104490392	0.0355264865	-0.0209629536	-0.391867583	-2.01625708	0.00482889515	0.0599330302	-1.00960086	-0.749422013	0.131238488
202	0.00704564688	-0.00662010127	-0.0127753625	0.0380779425	-0.022230278	-0.392041114	-2.01800711	0.00469505342	0.0602576405	-1.00597982	-0.749534474	0.13121041
203	0.00731453603	-0.00697311236	-0.0131970122	0.0384860872	-0.0224857295	-0.391865165	-2.01890752	0.00479027393	0.0600595378	-1.00638377	-0.749527768	0.13118645
204	0.00721363188	-0.00701813965	-0.0103916102	0.0354461751	-0.0208963527	-0.391983684	-2.01586086	0.00475703245	0.0600847546	-1.0100207	-0.749434909	0.131251891
205	0.00716557309	-0.0073326959	-0.00709658985	0.0319033876	-0.0190648753	-0.392025789	-2.01250324	0.00478498289	0.0599720211	-1.01332241	-0.749312949	0.131316779
206	0.00695604416	-0.00665358061	-0.0108319765	0.0358862752	-0.0211190691	-0.392123162	-2.01586118	0.00467093679	0.0602750903	-1.01103292	-0.749467238	0.131257802
207	0.00700520929	-0.00793027436	0.00180623863	0.0223602673	-0.0141026503	-0.392233636	-2.00328276	0.00479665924	0.0598043013	-1.0231285	-0.748996462	0.131502959
208	0.00651170683	-0.00598479654	-0.011016229	0.0360293567	-0.0211796051	-0.392407572	-2.01522702	0.00450302277	0.0606353345	-1.01245651	-0.749505918	0.131283897
209	0.00692465286	-0.00632493614	-0.0135544372	0.0388132442	-0.0226291066	-0.392115825	-2.01856119	0.00463019476	0.0604054512	-1.00864343	-0.749571489	0.131207213
210	0.00690947933	-0.00648678219	-0.0120733263	0.0372246227	-0.021809555	-0.392123536	-2.01708846	0.00464793743	0.060343628	-1.01001743	-0.749515794	0.131235343
211	0.00693729933	-0.00680678127	-0.00897083581	0.0338864777	-0.0200864167	-0.392145413	-2.01400374	0.0046803252	0.060224572	-1.01299895	-0.749399939	0.131295269
212	0.00689780562	-0.00632156974	-0.0133855787	0.0386344965	-0.0225365104	-0.392121975	-2.01838824	0.0046265587	0.0604101584	-1.00889259	-0.749566381	0.131211268
213	0.00685992772	-0.00640015984	-0.0125504284	0.0377458789	-0.0220771063	-0.392125888	-2.0175742	0.00463319526	0.0603820318	-1.0097172	-0.749535832	0.131227499
214	0.00688342255	-0.00655973348	-0.0109837493	0.0360594573	-0.0212061983	-0.392136172	-2.0160256	0.00464900141	0.0603230202	-1.0112337	-0.749477399	0.131257874
215	0.00680919733	-0.0062315854	-0.0137175181	0.039013966	-0.0227258147	-0.392114027	-2.01881387	0.00460817391	0.0604526726	-1.00880586	-0.749582328	0.131206683
216	0.00685955336	-0.00687753072	-0.00775217127	0.0325938387	-0.0194134876	-0.392146669	-2.01289462	0.0046781638	0.0602072224	-1.01439727	-0.749357787	0.131320722
217	0.00675026173	-0.00589895127	-0.016209149	0.0416862295	-0.0241038272	-0.392123585	-2.02122515	0.00456277985	0.0605893087	-1.00674661	-0.749679288	0.131161868
218	0.00680970796	-0.00638825036	-0.0120524816	0.0372182777	-0.0217990353	-0.392131216	-2.01714278	0.00462159859	0.0603970056	-1.01048218	-0.749520823	0.13123959
219	0.00681787774	-0.00671094319	-0.009059577	0.033995651	-0.0201372005	-0.39214681	-2.01417433	0.00465621944	0.0602746398	-1.01329644	-0.749408195	0.131296899
220	0.00675989296	-0.00622107397	-0.0132417415	0.0384936761	-0.0224564254	-0.392137975	-2.01828746	0.00459768544	0.0604667772	-1.00954373	-0.749567533	0.131218566
221	0.00677923296	-0.00638178504	-0.0117184335	0.0368544159	-0.0216102767	-0.392145849	-2.01678616	0.00461443729	0.0604063941	-1.01099133	-0.749510412	0.13124787
222	0.00672522894	-0.00605554704	-0.0145532235	0.0399089368	-0.0231838149	-0.392133981	-2.01959863	0.0045761356	0.060533402	-1.00842036	-0.749618222	0.131194422
223	0.00677124915	-0.00669780649	-0.00844491379	0.0333271281	-0.0197910576	-0.392176611	-2.01350625	0.00464288416	0.0602925551	-1.01424572	-0.749389181	0.131312126
224	0.00667893709	-0.00572387021	-0.0170993549	0.0426455286	-0.0245933716	-0.392140326	-2.02207992	0.00453192721	0.060668509	-1.00627511	-0.749716905	0.131148225
225	0.00672570516	-0.00620918545	-0.0127968304	0.0380132716	-0.0222060032	-0.392157787	-2.01781865	0.0045873952	0.0604809776	-1.01024198	-0.749553966	0.131229627
226	0.00671348996	-0.00653006616	-0.00972991749	0.0347123687	-0.0205049225	-0.392175465	-2.01477516	0.00462030248	0.0603608373	-1.01317031	-0.749439182	0.131288677
227	0.00666015306	-0.00604176775	-0.0139615126	0.0392699212	-0.0228523578	-0.392163108	-2.01895284	0.00456300659	0.0605511863	-1.00933066	-0.749600066	0.131209045
228	0.00668236898	-0.00620106698	-0.0123859153	0.0375722576	-0.0219765477	-0.392174042	-2.01739232	0.00457857833	0.0604925005	-1.01086241	-0.749541342	0.131239662
229	0.00662062118	-0.00587507447	-0.0152244894	0.0406385946	-0.0235539747	-0.392159606	-2.02022556	0.00454039969	0.0606192001	-1.00827382	-0.749649385	0.131185992
230	0.00666105284	-0.00651434992	-0.00900880369	0.0339321926	-0.020100054	-0.392209607	-2.01399953	0.00460462489	0.0603819479	-1.01427829	-0.749416986	0.131306468
231	0.00657529652	-0.00554278969	-0.017729804	0.0433342735	-0.0249405712	-0.392168312	-2.02266402	0.00449544716	0.0607553085	-1.00618476	-0.749746818	0.131140764
232	0.00662166106	-0.00602737058	-0.0134327112	0.0387021202	-0.0225558906	-0.392185958	-2.01840238	0.00455074432	0.0605681519	-1.01015448	-0.749584034	0.13122213
233	0.00660121343	-0.00634755785	-0.0103385185	0.0353725118	-0.0208406511	-0.392200799	-2.01535045	0.00458289551	0.0604488359	-1.01312487	-0.749468487	0.131281798
234	0.00654964389	-0.00585987349	-0.0145855482	0.0399524461	-0.0231971173	-0.392187174	-2.01955169	0.00452607386	0.0606385049	-1.00925198	-0.749629905	0.1312017
235	0.00657153848	-0.00617727204	-0.0113969264	0.0365101044	-0.0214241834	-0.392215976	-2.01635279	0.00455631105	0.0605225224	-1.01238287	-0.749511228	0.131263971
236	0.00645436624	-0.00551496652	-0.0165357296	0.0420619832	-0.0242754738	-0.392217775	-2.02142487	0.00446896228	0.0607909176	-1.00802145	-0.749710575	0.131169918
237	0.0065103188	-0.00680265168	-0.00447102508	0.0290374832	-0.0175763561	-0.392299999	-2.00934672	0.00460539815	0.0603051569	-1.01947205	-0.749257039	0.131401773
238	0.00619929052	-0.00483546871	-0.02006656	0.0458395247	-0.0262174666	-0.392331131	-2.02453523	0.00435172599	0.0610973913	-1.00562393	-0.749858181	0.131115855
239	0.00638869304	-0.00581424788	-0.0128212031	0.0380380433	-0.0222073875	-0.392286737	-2.01756383	0.00448615771	0.0606940783	-1.01199982	-0.749575877	0.13124563
240	0.00640497364	-0.00534984626	-0.0178422865	0.0434772263	-0.0250016086	-0.392219272	-2.02270336	0.00444761497	0.060857348	-1.00689167	-0.749761092	0.131145846
241	0.00641661902	-0.00558817051	-0.0155654865	0.0410132339	-0.0237364323	-0.392237209	-2.02041127	0.004472147	0.0607682696	-1.00907486	-0.749675719	0.131189847
242	0.00642416293	-0.00574348274	-0.0138639657	0.0391716966	-0.02278939	-0.392257202	-2.01869255	0.00448463541	0.0607140322	-1.01081714	-0.749613094	0.131223719
243	0.00635503583	-0.00541661427	-0.0166500464	0.0421919986	-0.0243389514	-0.392246835	-2.02146869	0.00444555805	0.0608419853	-1.0082924	-0.749719606	0.131171219
244	0.00639587315	-0.00605470924	-0.0104091715	0.0354384971	-0.020869627	-0.39229918	-2.01519367	0.00450887757	0.0606060446	-1.01436295	-0.749486298	0.131292537
245	0.00631055153	-0.00508381361	-0.0191141403	0.044850925	-0.0257026999	-0.392257751	-2.02386902	0.00439992027	0.0609789855	-1.00625196	-0.749815792	0.131126932
246	0.00636121823	-0.00556946507	-0.0148788196	0.0402724592	-0.0233521141	-0.392271802	-2.01966605	0.00445631468	0.0607903301	-1.01014807	-0.749654842	0.131206893
247	0.00634079551	-0.0058895655	-0.0117909428	0.0369398867	-0.0216405041	-0.392289281	-2.01659679	0.00448852283	0.0606710664	-1.01312236	-0.749539418	0.13126651
248	0.00629038931	-0.00540217841	-0.0160436304	0.0415395134	-0.0240008987	-0.392274899	-2.02081844	0.00443201868	0.0608603044	-1.00922274	-0.749701108	0.131186137
249	0.00631601272	-0.00571986846	-0.0128753031	0.0381092339	-0.022238806	-0.392302624	-2.01763434	0.00446254206	0.0607439234	-1.0123361	-0.749582983	0.131248008
250	0.00619699754	-0.00505884028	-0.0180674964	0.0437398184	-0.0251229902	-0.39229991	-2.02279022	0.00437656465	0.0610103967	-1.00786571	-0.749784202	0.13115238
251	0.00624458063	-0.0063447945	-0.00596912791	0.0306422344	-0.0184034438	-0.392383149	-2.01064678	0.00451153061	0.0605265863	-1.01941854	-0.749329414	0.131385436
252	0.00594919277	-0.00438024487	-0.0217242789	0.0476680182	-0.0271369457	-0.392403727	-2.02606813	0.00426165134	0.0613139063	-1.00527397	-0.749935971	0.131095095
253	0.0061211493	-0.00535500641	-0.0142853589	0.0396329298	-0.023016666	-0.39237194	-2.01884936	0.00439171083	0.0609165085	-1.01196129	-0.749647436	0.131229918
254	0.00609400404	-0.00502476478	-0.016893372	0.0424621661	-0.0244626179	-0.392372612	-2.02143671	0.00434915992	0.0610494087	-1.00970129	-0.74974829	0.131181899
255	0.00599849799	-0.00437364997	-0.0225844117	0.0486364601	-0.0276253447	-0.392351354	-2.0271054	0.00427389282	0.0613017873	-1.00446804	-0.749964792	0.131074081
256	0.00596994501	-0.00529894523	-0.0126335248	0.0378285597	-0.0220862156	-0.392484259	-2.01688982	0.00435129217	0.0609758379	-1.01443428	-0.749597411	0.131271788
257	0.00607478682	-0.0051857521	-0.0153905366	0.0408359781	-0.0236306524	-0.392381725	-2.01992657	0.00436615681	0.0609886011	-1.01112948	-0.749691824	0.13121072
258	0.00605919361	-0.00485968815	-0.0182111396	0.0438978152	-0.0251964689	-0.392369178	-2.02276043	0.00432803997	0.0611154797	-1.00854936	-0.749799328	0.131157405
259	0.00606994097	-0.00550476665	-0.0122571701	0.0374424365	-0.0218927695	-0.392402655	-2.01679567	0.00439733413	0.060870849	-1.01418948	-0.749574927	0.131271564
260	0.00597439502	-0.00452976071	-0.0208291059	0.0467423216	-0.0266524752	-0.392369677	-2.02534477	0.00428560688	0.0612479372	-1.00625367	-0.749900616	0.131109013
261	0.00601870505	-0.00501506988	-0.016512532	0.042059288	-0.0242552737	-0.392388845	-2.02103189	0.00434044204	0.0610611084	-1.01028734	-0.749736921	0.131191102
262	0.00605667126	-0.00533621216	-0.0134856132	0.0387710659	-0.0225722656	-0.392407461	-2.01800364	0.00437393488	0.0609405183	-1.01319613	-0.749623059	0.131249558
263	0.00600488264	-0.00484823815	-0.0177144575	0.0433605948	-0.0249200439	-0.392394328	-2.0222132	0.00431707739	0.0611302932	-1.0093146	-0.749784118	0.131169645
264	0.00599051988	-0.00500811486	-0.0161548202	0.0416873242	-0.0240604176	-0.392393262	-2.02072348	0.00433270506	0.0610708451	-1.01081096	-0.74972624	0.131199546
265	0.00595084806	-0.00468310467	-0.019021404	0.0448010229	-0.0256521767	-0.392380391	-2.02358934	0.00429562322	0.0611963052	-1.00815521	-0.749835236	0.131145035
266	0.00598099593	-0.00532196785	-0.0128419922	0.0380811071	-0.022215416	-0.392431346	-2.01734325	0.00435967225	0.0609592881	-1.01417843	-0.749603474	0.131265251
267	0.00590199555	-0.00435235583	-0.0215992827	0.0475958839	-0.0270805377	-0.392384943	-2.02612432	0.00425244345	0.0613300155	-1.00593058	-0.749935099	0.131097803
268	0.00594148819	-0.0048352029	-0.0172393745	0.0428592379	-0.0246584138	-0.392407928	-2.02175254	0.0043058747	0.0611453684	-1.01004218	-0.749770029	0.131181137
269	0.00593274842	-0.00515445753	-0.0141432738	0.0394930795	-0.0229371252	-0.392429433	-2.01863923	0.00433754834	0.0610270404	-1.0130653	-0.749654017	0.131241353
270	0.00588557084	-0.00466810883	-0.0184198851	0.0441409135	-0.0253122458	-0.39241268	-2.02291164	0.00428194375	0.0612150147	-1.0090971	-0.749816619	0.131160139
271	0.00590149944	-0.0048265049	-0.0168271643	0.042408873	-0.0244257618	-0.392426253	-2.02130935	0.00429683791	0.0611573082	-1.01067792	-0.749757228	0.131191382
272	0.00584816462	-0.004501787	-0.0196968575	0.0455354847	-0.026021601	-0.392409567	-2.02420299	0.00425981965	0.0612824416	-1.00800255	-0.749866418	0.131136662
273	0.00587774169	-0.00513744493	-0.0134075435	0.0386877199	-0.0225223835	-0.392468182	-2.01782026	0.00432127803	0.0610491698	-1.01420872	-0.749631254	0.131259704
274	0.00580535055	-0.00417042775	-0.022234786	0.0482907946	-0.0274277153	-0.392416381	-2.02669915	0.00421590905	0.0614171442	-1.00583196	-0.749965027	0.131090398
275	0.0058442759	-0.004652393	-0.0178770246	0.0435505984	-0.0250064239	-0.392439748	-2.02232188	0.00426910843	0.0612329883	-1.00995096	-0.749800072	0.131173741
276	0.00582287819	-0.00497090764	-0.0147510087	0.040155258	-0.0232711287	-0.392459629	-2.01919152	0.0043000418	0.0611155075	-1.01301689	-0.749683293	0.131234572
277	0.00577738905	-0.00448521264	-0.0190429693	0.0448256514	-0.0256552606	-0.392441559	-2.02348828	0.00424491156	0.0613027866	-1.00901481	-0.749846407	0.131152903
278	0.00579434148	-0.00480071397	-0.0158186824	0.0413131456	-0.0238602189	-0.392474856	-2.0202105	0.0042737628	0.061188821	-1.01224517	-0.749726385	0.131216439
279	0.00568695036	-0.00414028036	-0.0210140934	0.0469768221	-0.0267460308	-0.392473889	-2.02538718	0.00418843952	0.0614545296	-1.00772664	-0.74992784	0.131120485
280	0.00572442652	-0.00542133797	-0.00880175	0.0336736711	-0.0199569676	-0.392571693	-2.01300601	0.0043195539	0.0609763666	-1.01956488	-0.74946887	0.131357341
281	0.005444167	-0.00346174996	-0.0246520147	0.0509043267	-0.0287494439	-0.392583599	-2.02863958	0.00407357777	0.0617580031	-1.00510778	-0.750078929	0.131063623
282	0.00561336143	-0.00443525348	-0.0172285807	0.0428389992	-0.0246355971	-0.392551421	-2.02139312	0.0042030571	0.0613616222	-1.01186063	-0.749790741	0.131198465
283	0.00563828081	-0.00397554981	-0.0223281933	0.0484136537	-0.0274774461	-0.392474744	-2.02668629	0.00416746912	0.0615204376	-1.00656477	-0.749978688	0.131096087
284	0.00564659913	-0.0042123017	-0.0200254996	0.0458990411	-0.0261962965	-0.392495687	-2.02433841	0.00419095014	0.0614329244	-1.00881742	-0.749892377	0.131140995
285	0.00565209615	-0.00436612158	-0.0182960617	0.0440100633	-0.0252322645	-0.392519083	-2.0225651	0.00420245068	0.0613801665	-1.01062721	-0.749828774	0.131175777
286	0.00558565642	-0.00404044696	-0.0211082745	0.0470881673	-0.0267989072	-0.39250568	-2.02540285	0.0041644153	0.0615066379	-1.00801783	-0.749936329	0.131122298
287	0.0056183584	-0.0046749709	-0.0147980213	0.040197306	-0.0232864903	-0.392566292	-2.01897556	0.00422506985	0.0612745599	-1.01428331	-0.749700437	0.13124605
288	0.00554629478	-0.00370863325	-0.02361074	0.0498126728	-0.0281852478	-0.392514247	-2.02786854	0.00411992319	0.0616420983	-1.00588739	-0.750033862	0.131076842
289	0.00558932573	-0.00419172706	-0.0193113028	0.0451227407	-0.0257961534	-0.392534116	-2.02354645	0.00417418914	0.0614564683	-1.00993753	-0.749870648	0.131158846
290	0.00556685077	-0.00451014163	-0.0161891237	0.0417241151	-0.0240637271	-0.392554193	-2.02041094	0.00420509254	0.0613390449	-1.01300769	-0.749753987	0.131219622
291	0.00552256084	-0.00402478664	-0.0204881997	0.0464160464	-0.0264526334	-0.392535218	-2.02473046	0.00415030919	0.0615258472	-1.00897658	-0.749917408	0.131137647
292	0.00554107781	-0.00434062377	-0.0172856605	0.0429168957	-0.0246691977	-0.392567621	-2.02146644	0.00417948674	0.061411429	-1.0121876	-0.749797998	0.131200737
293	0.00544054126	-0.00368163386	-0.0225437964	0.0486654208	-0.0275909768	-0.39256285	-2.02673002	0.00409572832	0.0616750357	-1.00755166	-0.750001507	0.131103077
294	0.00547283882	-0.00496072036	-0.0102952449	0.0352826744	-0.0207792533	-0.392665051	-2.01426106	0.00422534919	0.0611990273	-1.01950053	-0.749541178	0.13134125
295	0.00520869438	-0.00300423421	-0.0263205048	0.0527567611	-0.0296731022	-0.392664815	-2.03015228	0.00398350506	0.0619752316	-1.00472395	-0.750157077	0.131042737
296	0.00535937426	-0.00397288962	-0.0186842586	0.044433999	-0.0254378999	-0.392647211	-2.02262875	0.004108116	0.0615855467	-1.01181383	-0.749862116	0.131183114
297	0.00539095656	-0.00351683804	-0.0238493295	0.05009748	-0.0283179655	-0.392564172	-2.02802324	0.00407465568	0.0617410696	-1.0063945	-0.750052114	0.131078846
298	0.00539819724	-0.00375282524	-0.021540078	0.047568142	-0.0270326305	-0.392586126	-2.02565842	0.00409776293	0.0616541667	-1.00866745	-0.749965581	0.13112401
299	0.00540159392	-0.00390548786	-0.0197836012	0.0456436337	-0.0260528568	-0.392612004	-2.02384485	0.00410848759	0.061602568	-1.01052753	-0.749901117	0.131159549
300	0.00533568185	-0.00358027275	-0.0226053638	0.0487428829	-0.027625944	-0.392597115	-2.02670713	0.00407082265	0.0617284885	-1.00788566	-0.750009052	0.13110571
301	0.00536349481	-0.00421284857	-0.0162473746	0.0417786946	-0.0240851691	-0.392662345	-2.02019774	0.00413001585	0.0614985319	-1.01425462	-0.749771564	0.131230887
302	0.00529739161	-0.00324872569	-0.0251158037	0.0514841039	-0.0290170796	-0.392605207	-2.02918911	0.00402661624	0.0618635562	-1.0057317	-0.750106873	0.131059988
303	0.0053374403	-0.00373062897	-0.0207900981	0.0467512533	-0.0266123366	-0.392627512	-2.02482018	0.00408001451	0.0616791986	-1.00984163	-0.749942776	0.131142799
304	0.00531504536	-0.00404829158	-0.0176503631	0.043323959	-0.0248693708	-0.392648161	-2.02165916	0.00411032555	0.0615625905	-1.01295351	-0.749825532	0.131204106
305	0.00520002559	-0.00338108318	-0.0224299476	0.0485372431	-0.0275160272	-0.39268385	-2.02630331	0.00401711599	0.0618391819	-1.00905407	-0.750013678	0.13111861
306	0.00535931949	-0.00437159744	-0.0147315496	0.0401324195	-0.0232463205	-0.392660514	-2.01873559	0.00414583742	0.0614392025	-1.01572169	-0.749714889	0.131260063
307	0.00530365551	-0.00388225486	-0.018891683	0.0446775856	-0.0255570716	-0.392651341	-2.02289289	0.00408791346	0.0616305092	-1.01189806	-0.749874048	0.131181567
308	0.00522261491	-0.00355114604	-0.0214300234	0.0474509196	-0.0269673177	-0.392658182	-2.02539186	0.00404419187	0.0617647777	-1.00970813	-0.749972909	0.131135028
309	0.00525736496	-0.00371849053	-0.0202496739	0.0461691306	-0.0263141156	-0.392647089	-2.02426032	0.00406790614	0.061695016	-1.01066203	-0.749926366	0.13115597
310	0.00522739794	-0.00339026832	-0.0229461582	0.0491165278	-0.0278106475	-0.392643437	-2.02695873	0.00402756233	0.061824956	-1.008245	-0.750030153	0.131105529
311	0.00528257227	-0.00387982427	-0.0187805739	0.044560076	-0.025496688	-0.392652985	-2.0227904	0.00408538703	0.0616336868	-1.0120678	-0.749870741	0.131184211
312	0.00526151597	-0.00363690573	-0.0209449848	0.0469308369	-0.0266999068	-0.392642538	-2.02497596	0.00405825897	0.0617268532	-1.01002293	-0.749952998	0.131142805
313	0.00522474076	-0.00347434373	-0.0223599269	0.0484842366	-0.0274872711	-0.392631719	-2.02642626	0.00403938096	0.0617897223	-1.00870147	-0.750007083	0.131115799
314	0.00525248744	-0.00379485545	-0.0193377593	0.0451711707	-0.0258051815	-0.392652699	-2.02336299	0.00407244538	0.0616697573	-1.01164548	-0.74989311	0.131174493
315	0.00517727973	-0.00314700453	-0.0251011082	0.0514970575	-0.0290123129	-0.392609849	-2.02926531	0.00399963277	0.0619181514	-1.0061934	-0.750112611	0.131063924
316	0.00523658524	-0.00411093592	-0.0161394357	0.0416752786	-0.0240269523	-0.39267331	-2.02015285	0.00410126591	0.0615550928	-1.01482765	-0.749773994	0.131237342
317	0.00520931739	-0.00363020805	-0.0206465849	0.04661439	-0.0265345862	-0.392639476	-2.02474156	0.00405116375	0.0617355048	-1.01047858	-0.749944061	0.131149966
318	0.00515922811	-0.0033024584	-0.0233656828	0.0495874389	-0.0280438621	-0.392635086	-2.02745686	0.00401126443	0.061864779	-1.00802526	-0.750048573	0.131098946
319	0.00520969813	-0.00379069257	-0.0191454951	0.0449674738	-0.0256988027	-0.392648554	-2.02322049	0.00406782188	0.0616752397	-1.01193618	-0.749887375	0.131179076
320	0.00519204626	-0.00354879743	-0.0213504761	0.0473847948	-0.026925138	-0.392635147	-2.02545638	0.00404163459	0.0617671079	-1.0098269	-0.749970947	0.131136602
321	0.00518170651	-0.00338664722	-0.022786225	0.0489577665	-0.0277226072	-0.392626335	-2.02691749	0.00402334817	0.0618294401	-1.00847685	-0.750025612	0.131109146
322	0.00516276644	-0.00370576163	-0.0197106359	0.0455873815	-0.026009074	-0.392638248	-2.02384707	0.00405465307	0.0617111455	-1.01150453	-0.749910026	0.131169149
323	0.00522393228	-0.00435171076	-0.0138593029	0.0391743772	-0.0227543847	-0.392669387	-2.01793927	0.0041251115	0.0614651764	-1.01708256	-0.749687996	0.131281713
324	0.00508860541	-0.00336907739	-0.0218314692	0.0478879531	-0.0271794284	-0.392673487	-2.02584309	0.00400284146	0.0618559913	-1.00982048	-0.749995321	0.131133229
325	0.00515169969	-0.00354130372	-0.0210405919	0.0470415673	-0.0267466331	-0.392636545	-2.02518162	0.00403410294	0.0617766131	-1.01032268	-0.749961369	0.131144369
326	0.00507764399	-0.00321404467	-0.0237711029	0.0500406884	-0.028262431	-0.392608409	-2.02803436	0.00399387463	0.0619052129	-1.00783284	-0.750066531	0.131092776
327	0.00511598582	-0.00385396034	-0.0176915683	0.0433674744	-0.0248783811	-0.392656451	-2.02184009	0.00405904057	0.0616666479	-1.01378666	-0.749837248	0.131211265
328	0.00505104815	-0.00288824967	-0.0265724422	0.0531098636	-0.0298187664	-0.392597763	-2.03086049	0.00395589746	0.0620319082	-1.00522736	-0.750173691	0.131039605
329	0.00506818231	-0.00336433987	-0.0219590937	0.0480471259	-0.0272504849	-0.392640589	-2.02613533	0.00400301693	0.0618559907	-1.00979097	-0.750000221	0.13112991
330	0.00504983013	-0.00368169469	-0.0188222294	0.0446081042	-0.0255055577	-0.392663795	-2.02295574	0.00403313358	0.0617397345	-1.01292062	-0.749882738	0.131191466
331	0.00500945543	-0.00319763602	-0.0231501577	0.0493572711	-0.0279123191	-0.392641675	-2.02733406	0.00397947876	0.0619249856	-1.00880658	-0.750047359	0.131108412
332	0.00502332542	-0.0033549862	-0.0215382676	0.0475870286	-0.0270137488	-0.392658158	-2.02568748	0.00399361901	0.061868389	-1.01044153	-0.749987208	0.131140363
333	0.00502511415	-0.00367820095	-0.0186236214	0.0443927921	-0.0253944844	-0.39266793	-2.02276578	0.00402882073	0.0617450582	-1.01321618	-0.749876601	0.131196312
334	0.00496837848	-0.00318857035	-0.0227491274	0.0489170722	-0.0276866083	-0.392660575	-2.02689521	0.00397053506	0.0619369068	-1.00942759	-0.750034932	0.131118412
335	0.00498905157	-0.00334816378	-0.0212140278	0.0472324025	-0.0268315825	-0.39267134	-2.02534384	0.00398646912	0.0618777334	-1.01093752	-0.749977167	0.131148397
336	0.00493159764	-0.00302218412	-0.0239995568	0.0502958052	-0.0283816335	-0.392658931	-2.0281664	0.00394816039	0.0620046448	-1.00835379	-0.750084019	0.131095428
337	0.0049757397	-0.00366215203	-0.0179281312	0.0436244597	-0.0250015931	-0.392706437	-2.02197683	0.00401341649	0.0617659902	-1.01430196	-0.749854965	0.131213767
338	0.00488934708	-0.00269100642	-0.0265231304	0.053060533	-0.0297808537	-0.392667194	-2.03066249	0.0039044237	0.0621391458	-1.00616748	-0.750182393	0.131049241
339	0.00493902154	-0.00317723541	-0.0223204273	0.0484473048	-0.0274447638	-0.392680782	-2.02643226	0.0039606071	0.0619505221	-1.01010556	-0.75002176	0.131129154
340	0.0049268669	-0.00349711219	-0.0192749001	0.0451085585	-0.0257525167	-0.392696717	-2.0233666	0.00399278661	0.0618312888	-1.0130879	-0.749907144	0.131188365
341	0.00488161738	-0.00301106931	-0.023542169	0.0497952955	-0.0281251892	-0.392679029	-2.02767452	0.00393772743	0.0620186182	-1.00906941	-0.750069948	0.131106814
342	0.00490642286	-0.00332982177	-0.0204639268	0.0464104727	-0.0264106579	-0.392704687	-2.02453387	0.00396932894	0.061900728	-1.01211717	-0.749954093	0.131167082
343	0.00487377679	-0.00284720136	-0.0248953094	0.0512814858	-0.0288763235	-0.392675435	-2.02904409	0.00391777127	0.0620832768	-1.00784246	-0.750122077	0.131081376
344	0.00489664093	-0.0030904911	-0.0227632622	0.0489388445	-0.0276908512	-0.392684085	-2.02689142	0.0039453813	0.0619894516	-1.00984706	-0.750040702	0.131122113
345	0.00488514688	-0.0032507932	-0.0212553056	0.0472845614	-0.0268525533	-0.392690468	-2.0253768	0.00396173323	0.0619293988	-1.01131627	-0.749983822	0.131151373
346	0.00485830868	-0.00292397331	-0.0240073547	0.0503064231	-0.028381269	-0.392683022	-2.02815031	0.00392282332	0.0620574182	-1.00879518	-0.75008953	0.131099348
347	0.00488984741	-0.0035702244	-0.0181742069	0.0439079396	-0.0251395803	-0.392702217	-2.02230929	0.00399311256	0.0618110085	-1.01435209	-0.749868123	0.131211422
348	0.00478880829	-0.00259389427	-0.0265812106	0.0531399294	-0.0298126641	-0.392676577	-2.03076582	0.00387992519	0.0621901976	-1.0065139	-0.750189853	0.131051568
349	0.00484045952	-0.0030816193	-0.0223993933	0.048548419	-0.0274883261	-0.392688273	-2.02656282	0.00393676412	0.0620004475	-1.0104163	-0.750029735	0.131130973
350	0.00484057236	-0.0034035803	-0.0194443576	0.04529753	-0.0258414228	-0.392698104	-2.02359913	0.00397071917	0.0618786966	-1.01327017	-0.749917627	0.131188189
351	0.00479008363	-0.00291566164	-0.0236425659	0.0499098277	-0.0281751472	-0.39268538	-2.02782279	0.0039141462	0.0620682138	-1.0093598	-0.750078368	0.13110833
352	0.00481176222	-0.00307634857	-0.0221528307	0.0482717136	-0.0273455379	-0.392693455	-2.02632086	0.00393102737	0.0620076965	-1.01080508	-0.750021955	0.131137226
353	0.00476244688	-0.00275215633	-0.0250130739	0.0514221265	-0.0289372393	-0.392674485	-2.02924394	0.00389439848	0.0621322563	-1.00809811	-0.750131211	0.131082307
354	0.00480403421	-0.00339178717	-0.0189426744	0.0447386182	-0.0255569222	-0.392723194	-2.02304052	0.00395939647	0.0618939486	-1.0140682	-0.749901974	0.131200847
355	0.00472840712	-0.00242341025	-0.0276653189	0.0543340247	-0.0304095304	-0.392674144	-2.03189655	0.00385341452	0.0622630815	-1.00571245	-0.750233743	0.131032806
356	0.0047639724	-0.00290551345	-0.0232882482	0.0495192294	-0.0279742056	-0.3927006	-2.02744661	0.00390564301	0.0620799117	-1.0099273	-0.750067481	0.13111728
357	0.00475024691	-0.0032241028	-0.0202012843	0.0461288232	-0.0262574976	-0.392717479	-2.0243382	0.00393668082	0.0619621866	-1.01298562	-0.749951488	0.13117764
358	0.00470852969	-0.0027393038	-0.024504458	0.0508641922	-0.0286510699	-0.392696695	-2.02869792	0.00388263992	0.0621480837	-1.00889547	-0.750115545	0.131095028
359	0.00472498672	-0.00305637873	-0.0213728194	0.0474136546	-0.0269059451	-0.392727273	-2.02548156	0.00391287708	0.0620321369	-1.01203787	-0.749997925	0.131156771
360	0.00469704762	-0.00257547233	-0.0258567898	0.0523520341	-0.0294019743	-0.392693513	-2.03006518	0.00386271912	0.0622127019	-1.00766559	-0.750167684	0.131069574
361	0.00471885697	-0.00281839199	-0.0237157631	0.0499950582	-0.0282111348	-0.392703038	-2.02789772	0.00389002678	0.0621192972	-1.00969172	-0.750085963	0.131110611
362	0.00470935065	-0.0029781864	-0.022193256	0.0483199586	-0.0273637794	-0.392711674	-2.02635691	0.0039059917	0.0620598457	-1.01119164	-0.750028543	0.131140332
363	0.00468297988	-0.00265183924	-0.0249617718	0.0513657063	-0.0289022116	-0.392703034	-2.02915396	0.00386754758	0.0621872396	-1.00863624	-0.750134848	0.131087806
364	0.00470833853	-0.00329652975	-0.0190770318	0.0448979184	-0.0256306325	-0.392727335	-2.02323466	0.00393646243	0.0619427579	-1.01429389	-0.749911638	0.131201387
365	0.00461339999	-0.00232203103	-0.027545661	0.0542153781	-0.0303396912	-0.392696584	-2.03178103	0.00382497355	0.0623196253	-1.00633354	-0.750235551	0.131039706
366	0.00466204286	-0.00280878901	-0.023334277	0.0495826082	-0.0279980767	-0.392710758	-2.02753459	0.00388097292	0.0621310389	-1.01029386	-0.750074392	0.131119991
367	0.00468091977	-0.00313000757	-0.0203560045	0.0463000416	-0.026337761	-0.392724083	-2.02453511	0.00391440933	0.062010183	-1.01319435	-0.749961469	0.131177892
368	0.00463302519	-0.00264290643	-0.0245795644	0.0509490111	-0.028686379	-0.392709184	-2.02879711	0.00385857193	0.0621986901	-1.00923116	-0.750123124	0.13109726
369	0.0046383568	-0.00296345133	-0.0215744424	0.0476378949	-0.0270138467	-0.392731565	-2.02572508	0.00389162438	0.0620786496	-1.01217272	-0.750009395	0.131155811
370	0.00460092691	-0.00247919782	-0.0259368015	0.0524436908	-0.029441166	-0.392706664	-2.03015993	0.0038387451	0.0622631289	-1.00799224	-0.750175453	0.131071648
371	0.00462412255	-0.00272266862	-0.0238141691	0.0501060638	-0.0282606642	-0.392714841	-2.02801466	0.0038664616	0.0621691217	-1.00998914	-0.750094273	0.131112238
372	0.00464093117	-0.00288343586	-0.0223308524	0.048471605	-0.0274346419	-0.392722834	-2.02651498	0.00388340467	0.0621084963	-1.01142941	-0.750038011	0.131141024
373	0.00462111723	-0.00264092056	-0.0244977685	0.0508592151	-0.0286402607	-0.392711428	-2.02871523	0.0038566473	0.0622011902	-1.00936215	-0.750120605	0.131099299
374	0.00461115496	-0.00272129142	-0.0237536771	0.050041445	-0.0282267953	-0.392713945	-2.02796758	0.00386499162	0.0621708931	-1.01008308	-0.750092447	0.131113704
375	0.00462964588	-0.00288233184	-0.0222812576	0.0484187731	-0.0274068146	-0.392721416	-2.02647999	0.00388218138	0.0621099339	-1.01150606	-0.750036513	0.131142224
376	0.00460878326	-0.00263947568	-0.024434467	0.0507910605	-0.0286046699	-0.392711014	-2.02866311	0.00385512219	0.0622030539	-1.00946109	-0.750118683	0.131100843
377	0.0045977282	-0.00280045884	-0.022955633	0.0491659153	-0.027782111	-0.392712938	-2.02719437	0.00387196842	0.0621421648	-1.0108877	-0.750062656	0.131129419
378	0.0045769701	-0.00247604329	-0.0258054577	0.0523057493	-0.02936667	-0.39269849	-2.03009246	0.00383537564	0.0622670166	-1.00819593	-0.750171589	0.131074765
379	0.00461012989	-0.00311736834	-0.0198052274	0.0456930812	-0.026025756	-0.392735541	-2.02400308	0.00390151894	0.0620266542	-1.01406396	-0.749944425	0.131191629
380	0.00453116193	-0.0021477525	-0.0284713629	0.0552427188	-0.0308474758	-0.392689717	-2.03280321	0.00379460552	0.0623971968	-1.00577414	-0.750274765	0.131024716
381	0.00456747611	-0.00263039573	-0.0241078528	0.0504344691	-0.028419239	-0.392715552	-2.02836329	0.00384704648	0.0622136249	-1.00998005	-0.75010874	0.131108989
382	0.00457072777	-0.00294948528	-0.0210547499	0.0470641079	-0.0267189178	-0.392743048	-2.02522093	0.00387892716	0.06209531	-1.01300943	-0.749993406	0.131168875
383	0.00452854335	-0.00246440821	-0.0253454425	0.0517939947	-0.0291059625	-0.392722824	-2.02957202	0.00382474932	0.0622814539	-1.00892809	-0.750157224	0.131086443
384	0.00456377251	-0.00271123195	-0.0233843935	0.0496371714	-0.0280169807	-0.39271927	-2.02762654	0.0038558997	0.0621827512	-1.01067094	-0.750081166	0.131122929
