#steady-1-residue-evolution
0	-12.9396302	58640.0495	-803.566705	9358.82185	-1.13686838e-013	-0.0681326936	-3.82909409	6.02870404	14.0685487	-1.6856825e+015	8359995.94	-0.00391272517
1	-1.46015366	69343.912	-426.359898	7430.75912	-2.0560364	-1906703.65	1.64523228	3.50376779	6.64686922	-2.02129164e+011	7787484.56	-0.0173628323
2	75.0583204	-728340.484	-0.642061787	1114.9801	1.81883673	7788627.62	10.9939335	-21.152554	-34.514383	-4.43601065e+014	2506696.73	-0.00305963316
3	4.1306619	84505.9848	-0.0707653312	1509.37146	1.70328453	479406.424	-1.08673175	-0.275408356	3.3648237	-6.14833572e+010	2604376.88	-0.00700873907
4	1.85204312	-359298.638	1.48778493	3053.29542	16.5069215	5281627.5	-4.46488553	1.40093052	7.01457173	-4.03973345e+010	5510595.97	-0.0084627652
5	98.1716612	-863594.522	-1.91841967	-903.47763	0.286020978	9906419.61	9.73087976	-40.4222814	-64.8562055	-2.38731114e+014	941844.36	-0.00263347305
6	-101.909166	354368.297	-0.828569999	-7264.26613	-2.07004784	-12315140.1	11.6415771	56.7452458	-88.5207869	-1.12925798e+015	2426235.17	-0.00865721341
7	8.90342	-243882.002	1.93847453	2931.43968	13.8827329	5666228.55	-4.25436884	-0.0596311589	6.58313954	-1.21578657e+010	5362988.75	-0.0115057226
8	7.50566429	-253328.135	1.53361673	2704.94059	13.6151777	5325940.89	-4.08290986	-0.18484956	4.96091527	-5.42414656e+009	5072340.01	-0.010500619
9	6.89887442	-187807.94	-1.60423082	2334.33084	19.1161153	4759042.9	-3.35311548	-0.614524799	4.04885596	-494600168	4335814.73	-0.00949123497
10	7.49534976	457558.9	-11.708866	1591.94218	48.5706801	3766901.54	-0.698269827	-2.96457268	3.1995202	528.623759	2515574.13	-0.0084010787
11	10.3776441	-270048.218	-12.0786856	623.309424	68.3025536	2635250.73	7.39528512	-1.75064891	0.463195476	2.67983985e+011	5776.35778	-0.00449615544
12	18.1654761	-176492.702	23.5743234	-142.876165	-103.532958	2337486.3	-10.5485727	-11.0201704	3.90067396	8.04861895e+014	2493132.73	-0.0103534698
13	-3.37574015	-3231903.19	-13.6357966	1627.32825	53.2279417	2411124.98	-1.87216593	3.95597428	11.8557361	627.588197	2232827.96	-0.0025277478
14	-7.57479021	-206090.767	-9.56696121	1572.61791	38.7014856	2029580.87	-2.48111815	4.62764959	10.4189554	628.446544	2084185.58	-7.39331153e-005
15	-13.9278866	-75505.5033	-7.58834524	1119.22307	28.0124053	864970.429	-3.43694534	5.84428169	7.64798917	554.342994	1478899.28	0.00339896497
16	-12.8823405	-51340.1393	-0.439856539	192.301669	7.38257395	-101392.867	-4.30578141	4.95252421	-4.4853009	243.191658	269159.226	0.0042537572
17	-10.2756242	-60848.4131	-2.10627874	248.589021	17.2514511	143618.282	-3.36978206	4.21818031	-0.900223809	206.229785	-21780.9376	0.00335676529
18	-8.90647894	-51323.4341	-10.4714416	130.58152	50.0896609	45002.5291	0.909388591	2.10208771	-0.305461932	168.359911	-597617.312	0.00212319336
19	-3.0079169	-50411.576	-8.4083574	118.516485	31.7133278	277776.505	0.24613257	0.154492062	-0.856176063	125.768978	-354423.802	0.00111699449
20	-9.06764629	-49087.9091	0.800428259	221.020863	15.6781127	5112.86119	-2.73624451	3.90190431	0.0744957641	175.926057	-36274.3081	0.00309043202
21	-4.42357914	-32019.9058	-3.21519491	54.6958221	24.1569675	195633.567	-0.305315962	1.62485061	-1.37217968	130.717198	-236719.972	0.00119567827
22	-9.28783441	-46077.1758	-0.602209991	202.180645	22.2848787	-26749.149	-3.01097006	3.86092622	0.610811056	158.740361	-109845.735	0.00324291954
23	-8.28485505	-44454.5524	1.20915399	200.915876	14.7823675	-6811.61294	-2.48340685	3.57460769	0.118373788	161.032744	-32544.4562	0.002817826
24	-6.11027994	-35728.6785	-0.175183465	133.985573	15.1594055	54952.5621	-1.67741756	2.549058	-0.408449193	133.566688	-73324.2082	0.00198020413
25	-7.55560093	-40554.7801	1.0376157	183.23098	13.3827645	3008.78675	-2.35163861	3.22902553	0.0324157168	145.613843	-19840.3832	0.00254215205
26	-5.35833438	-31002.2792	0.258974575	121.806989	12.6166044	23166.0858	-1.48266567	2.26683841	-0.261668961	117.342282	-55911.7591	0.00174970865
27	-7.04724143	-36522.8271	1.12200185	168.701851	12.7937385	-8832.59542	-2.22976103	3.00153161	0.167032578	130.658317	-19469.8873	0.0023814417
28	-4.36478957	-26552.0007	0.345169029	104.499279	9.68393873	24234.5528	-1.23968446	1.87128703	-0.308113793	101.992563	-35755.0475	0.00141827647
29	-6.55938514	-33042.0181	0.328776947	144.965962	13.7214026	13537.754	-2.09425165	2.71848193	0.143530407	116.173689	-38621.4815	0.00220222764
30	-6.50895278	-34237.1573	0.887728873	154.555155	12.0894892	4171.78183	-2.06800916	2.75774657	0.0673044503	122.406884	-18674.1658	0.00218329637
31	-5.54336091	-29452.232	0.719035111	128.801467	11.2524241	2625.54937	-1.71297878	2.34767068	0.0363421363	107.217034	-27893.3399	0.00185283873
32	-6.13915268	-31831.1799	1.10997891	146.788972	11.1775993	-6366.82752	-1.96174167	2.61081875	0.126255738	114.023561	-12785.3048	0.00206486656
33	-5.06165089	-27196.6204	0.605271743	117.180971	10.3182014	10217.615	-1.57136152	2.13795417	-0.0101745339	98.9140894	-24013.8747	0.00168513223
34	-5.69324311	-29632.6227	0.965933223	135.709312	10.3556181	741.388711	-1.8418054	2.41057745	0.076715972	105.740256	-9766.46299	0.00190585695
35	-4.67906044	-24867.9972	0.758497415	109.033638	9.44065414	1256.36818	-1.46515188	1.97951621	0.0191673624	90.7958744	-18805.9742	0.00155515475
36	-4.27662839	-22577.5365	0.896543223	97.3259048	9.26733765	-4540.76497	-1.33018954	1.809639	0.0398827828	83.850994	-19683.0922	0.00141528676
37	-3.75197736	-20455.076	0.626299533	82.947917	8.73788636	10641.8831	-1.15959931	1.57459124	-0.0504460609	76.7784854	-21367.3737	0.00122649161
38	-4.0211167	-21559.1989	0.789295098	90.4912999	8.86118637	5919.19972	-1.27624785	1.68869502	-0.0295682552	79.9049824	-15523.9396	0.00131586879
39	-3.6411072	-19210.5888	0.831988129	83.0674333	8.02011378	-6550.32308	-1.13592362	1.53529444	0.0167411229	72.3220719	-15814.4009	0.00119364806
40	-2.67514949	-15091.0877	0.200190321	52.8659969	7.50178335	18064.3883	-0.759590295	1.10933012	-0.0857553578	59.2124742	-30963.8328	0.000865343517
41	-3.26027885	-17285.4902	0.587059754	72.465707	7.4390235	2517.64629	-1.04837182	1.35666068	-0.0345261559	64.886398	-15473.4892	0.00105966913
42	-2.25696079	-12687.8456	0.534154925	55.139771	5.39731387	-10193.766	-0.67117912	0.963931673	-0.026661809	51.836855	-14155.7763	0.000725610691
43	-1.07291785	-6228.19753	-2.34886607	-49.4304443	11.8316253	88236.6845	0.25733743	0.274027635	-0.227332931	34.1379839	-142848.084	0.000344327219
44	-1.76807019	-10140.7306	-0.232354261	43.4596666	5.70112315	-12398.1644	-0.679552241	0.715785878	-0.0909747795	40.6103893	-31526.618	0.000573883455
45	-1.83256568	-10703.6792	0.276043866	42.9267234	4.73529948	2553.45812	-0.532563836	0.776304752	-0.0634966086	44.1990477	-14712.8966	0.00058429804
46	-1.06982676	-6744.746	-0.125576559	16.3588386	4.28454031	5406.46803	-0.198449496	0.443193743	-0.0608873115	32.2417826	-30213.5821	0.000339387794
47	-1.53290774	-8607.28009	0.420694822	37.6042024	3.66076053	-5208.8752	-0.480296669	0.654310198	-0.0224772541	36.1144241	-6365.8938	0.000489685826
48	-0.701859392	-4757.99867	-0.212481318	6.97175759	3.27532112	8981.88267	-0.0884524068	0.288298257	-0.0594645503	25.4816345	-26444.7735	0.000221503398
49	-1.18959132	-6655.70358	0.31281117	29.6965102	2.72407049	-427.066704	-0.401003645	0.504983337	-0.0293941121	28.7819832	-2218.73397	0.000378522142
50	-0.368161568	-2817.38273	-0.27930617	-3.26258451	2.41066144	7392.32443	0.0149031115	0.147516863	-0.0474527314	20.1359976	-24598.1316	0.000115339803
51	-0.871033944	-4715.28487	0.240193949	21.8931975	1.92233718	303.626564	-0.319786552	0.367071068	-0.0222175589	22.5655995	56.183055	0.00027735401
52	-0.0111443856	-912.768489	-0.380937909	-18.0483382	1.62855143	6149.27523	0.153716941	0.000411202842	-0.0340271992	16.5752973	-25321.8787	2.65455995e-006
53	-0.567475969	-2846.83444	0.10802359	12.8608097	1.3759352	925.667157	-0.224302375	0.232919893	-0.0162301216	17.9783852	-1824.79899	0.000183078005
54	0.0753102072	-220.548579	-0.24279687	-17.9909386	0.713308394	1448.75043	0.119122975	-0.0268600773	-0.0129473246	15.3424575	-14488.7969	-2.45734199e-005
55	-0.233341755	-1014.48606	-0.129818086	-2.71479888	1.18887125	3411.08231	-0.064921219	0.0847369078	-0.0178978898	15.4305171	-10462.8419	7.97813195e-005
56	-0.382078185	-1945.27116	0.0250394673	1.80271216	1.14760738	554.317805	-0.132902923	0.155731328	-0.0127912607	15.2101693	-4837.10608	0.000124260098
57	-0.48785957	-2414.13727	0.116112528	10.7399513	1.15388478	-348.313886	-0.194950586	0.200887916	-0.0105450473	15.5686083	-1055.91198	0.000157368639
58	-0.311583255	-1666.93922	-0.1266692	28.6959127	1.35367468	2391.02159	-0.0761119894	0.123541222	-0.0201792863	18.9334637	-10764.2758	0.00010429556
59	-0.417786524	-2073.8006	0.0851528855	12.7629111	1.04506589	269.394837	-0.163664979	0.171700194	-0.0104608038	16.6612234	-1669.34014	0.000134984473
60	-0.453233738	-2259.89862	0.0871011552	11.4484475	1.13010764	411.549946	-0.177592936	0.186104758	-0.0118177691	15.0121157	-1767.43294	0.000146470299
61	-0.473074523	-2347.12045	0.113539622	9.9907123	1.1130917	190.312918	-0.190557324	0.194766492	-0.0109282768	15.1094293	-746.44692	0.000152412668
62	-0.445758572	-2221.91833	0.0720671201	21.9640704	1.16264873	241.430953	-0.170743672	0.182784256	-0.011648965	15.4057069	-2529.77619	0.000144511369
63	-0.466151556	-2301.95977	0.118552712	11.7678973	1.09931917	-193.644106	-0.18751098	0.192119305	-0.00951797306	15.1500774	-719.374134	0.00015021028
64	-0.452631789	-2287.22865	0.0140457808	118.057565	1.3440239	1205.47896	-0.161436482	0.184310729	-0.0157885463	12.9962	-5112.1214	0.000147953172
65	-0.436753834	-2123.27928	0.190702128	-8.34306368	0.810406165	-600.058935	-0.193635464	0.181694481	-0.00450979901	10.7146088	3086.05957	0.000138893163
66	-0.440547639	-2181.37261	0.107706841	22.3542289	1.05256471	234.506799	-0.176941148	0.181452245	-0.00964246243	15.162388	-742.669101	0.000141960972
67	-0.382508362	-1939.47384	-0.0109765922	43.8047334	1.2437906	904.92739	-0.125122352	0.155513962	-0.0138040272	55.3297021	-5985.43032	0.000125683159
68	-0.431234926	-2123.22614	0.115903626	6.55982934	1.01997082	-202.403632	-0.173834883	0.177890915	-0.00799445115	15.0047117	-537.321658	0.000138895351
69	-0.413292746	-2039.46971	0.107999967	18.4006833	0.984932066	131.609014	-0.16663044	0.170381699	-0.00819174042	15.0057562	-543.402148	0.000133101886
70	-0.377296869	-1869.02661	0.0750971642	30.6588437	0.977585076	155.267474	-0.145830314	0.155051977	-0.00833246337	26.0607844	-1766.58486	0.000122116565
71	-0.403655824	-1993.03951	0.0905205454	28.6622093	1.02063925	45.2808681	-0.157735525	0.166143227	-0.00823494684	51.618507	-1466.55156	0.000130461892
72	-0.411569958	-2025.4976	0.10688625	23.6573429	0.99651568	-91.0379389	-0.164586518	0.169697328	-0.00754375222	15.275382	-777.799771	0.000132693349
73	-0.409934096	-2015.67083	0.110210698	20.7518955	0.982361057	-127.445481	-0.164750958	0.169102389	-0.00728915113	15.0159319	-607.39566	0.000132083853
74	-0.408996562	-2012.48533	0.11159524	21.2846235	0.980775092	216.546496	-0.165242398	0.168726004	-0.00741781454	15.0239322	-440.702219	0.000131683499
75	-0.409493619	-2007.92836	0.115129051	23.3204899	0.983863456	-65.0893766	-0.165060774	0.169041739	-0.00661515052	15.131831	-483.700009	0.00013189368
76	-0.403254854	-1980.75582	0.103254692	33.0264641	1.01173025	379.912412	-0.160120498	0.166248584	-0.006952349	15.8945319	-955.29025	0.000130120374
77	-0.399911185	-1960.56437	0.110488442	27.5866019	0.981376551	299.006664	-0.160587904	0.16503843	-0.00641489091	15.244135	-586.764738	0.000128862592
78	-0.395581668	-1936.54282	0.115007869	28.7709982	0.95526724	237.439193	-0.160070547	0.16337975	-0.0059909405	15.0471525	-324.130571	0.000127346085
79	-0.374982471	-1844.59156	0.0808658411	50.7358251	0.991480029	266.316807	-0.144331346	0.154334124	-0.00680305712	17.6225611	-1733.87047	0.000121442824
80	-0.389383235	-1900.64317	0.114645611	28.1627846	0.945697749	-19.6704847	-0.156784564	0.160890658	-0.00524640819	15.0487626	-432.954987	0.000125434089
81	-0.381498429	-1846.13274	0.126125039	29.4765536	0.92495567	4.19593187	-0.154812046	0.157972198	-0.00323313256	15.015129	-110.72743	0.000122785595
82	-0.36778439	-1778.82528	0.112921407	33.9278267	0.92474509	56.9379989	-0.146349647	0.152129281	-0.0030451424	15.1312717	-665.191153	0.000118672857
83	-0.378149129	-1823.03093	0.127887379	30.1434707	0.918465783	-62.364958	-0.153046718	0.156678947	-0.00241233434	15.0603444	-153.571574	0.000121766391
84	-0.372194111	-1806.47393	0.099790967	57.9052358	0.976836178	305.287464	-0.14498198	0.153642197	-0.00391043457	8.96516521	-1328.3202	0.000120421212
85	-0.35754169	-1710.17655	0.149809963	6.11859092	0.790851847	-245.010908	-0.151035244	0.148769705	-0.000511729651	15.1766593	1150.2443	0.000114496003
86	-0.369535106	-1782.99753	0.121080817	35.6830278	0.909526994	81.285918	-0.148677052	0.153027833	-0.00254388207	15.1166491	-324.892313	0.000119083057
87	-0.365021145	-1755.72271	0.122978378	38.5879061	0.897625476	-92.239869	-0.146770794	0.151259988	-0.00186339753	15.1144104	-308.077359	0.000117643929
88	-0.363264205	-1752.27656	0.113275869	45.7670126	0.919958834	178.643661	-0.144215713	0.150333845	-0.00246161528	15.8224589	-677.914303	0.00011725755
89	-0.357036485	-1720.13752	0.115815081	41.6750599	0.89194616	132.210086	-0.142734276	0.1478505	-0.00215305891	15.1753632	-465.774543	0.000115148346
90	-0.363775562	-1750.15127	0.122887663	38.5124569	0.895212641	86.0703975	-0.146543463	0.150741371	-0.00190054291	15.0714392	-255.669655	0.000117216207
91	-0.362281457	-1738.5056	0.124710949	38.7068728	0.891922777	-58.8709722	-0.145771755	0.150193422	-0.00137687433	15.0139809	-267.943847	0.000116759852
92	-0.358936041	-1723.35644	0.120116513	41.3760047	0.897656833	157.79564	-0.143641523	0.148728007	-0.0014870061	15.0651912	-425.357167	0.0001157657
93	-0.36213244	-1736.07499	0.126664876	38.8537674	0.890619232	103.631622	-0.146105039	0.15017281	-0.00116873125	15.0154418	-181.733026	0.0001166777
94	-0.362298311	-1736.48322	0.121287523	47.4336838	0.911433675	41.0688972	-0.144380638	0.150143658	-0.00116211889	15.8177262	-533.407278	0.000116918151
95	-0.357165597	-1708.97943	0.125737974	41.5000673	0.881588997	-20.7043347	-0.143683465	0.148149671	-0.000775879935	15.0996974	-247.312604	0.000115126318
96	-0.355822092	-1696.62128	0.119675099	49.2235679	0.917119811	213.602592	-0.140410483	0.147512777	-0.00014228294	15.870917	-745.037886	0.000114993217
97	-0.354726071	-1684.52758	0.133960949	41.2045735	0.874090641	68.3624146	-0.143220437	0.147371323	0.000731686177	15.0519341	-83.1619392	0.000114316211
98	-0.350080563	-1661.87395	0.128918617	42.6363439	0.875202436	27.0906333	-0.140199497	0.145381814	0.00076817491	15.0033605	-306.215489	0.000112940366
99	-0.353658844	-1676.33469	0.13545513	41.126315	0.869845015	-25.361344	-0.142763397	0.146983065	0.00109160995	15.0022536	-73.1242967	0.000113981348
100	-0.351499445	-1664.57939	0.13113817	44.9848575	0.878982754	108.895137	-0.140633643	0.146021838	0.00123387937	15.1539313	-314.68212	0.000113427976
101	-0.354107724	-1675.0631	0.136060512	42.8619991	0.874646756	70.0296545	-0.142539134	0.147191365	0.00148008458	15.0903914	-138.503232	0.000114183208
102	-0.354088002	-1673.95995	0.137996984	41.355003	0.869049005	50.5870727	-0.142952504	0.147226037	0.00160544927	15.0048203	-50.4452883	0.000114136304
103	-0.354412298	-1673.09095	0.13905324	41.8904805	0.870131194	-15.8938067	-0.142904812	0.147392959	0.00188269879	15.0337468	-74.5246693	0.000114265
104	-0.355548739	-1663.44733	0.146896006	43.5317966	0.869410288	73.6161666	-0.143082679	0.148078089	0.00362679324	15.0849211	-62.3444732	0.000114715369
105	-0.353662857	-1657.86244	0.134704511	50.3992829	0.899427371	110.784453	-0.139355659	0.147062117	0.00316859897	15.665267	-651.107244	0.000114406374
106	-0.349650875	-1638.29913	0.134850132	50.0564984	0.884619034	94.3803443	-0.138182618	0.145425726	0.00322755795	15.5000766	-570.08766	0.000113070571
107	-0.344770928	-1612.52146	0.139156592	50.1022091	0.855220084	28.9022833	-0.137569587	0.143536774	0.00356006624	15.1346344	-281.159831	0.000111358575
108	-0.33731539	-1570.76078	0.141077963	53.5047832	0.833914821	-125.016114	-0.134719308	0.140571403	0.0043089552	15.0609038	-211.14258	0.000108945228
109	-0.33414876	-1567.34745	0.117797061	63.7549597	0.885908326	241.848989	-0.12896008	0.138755538	0.00283169294	16.0665863	-1159.4796	0.000108376227
110	-0.32586376	-1529.53018	0.11319769	65.8138896	0.868815979	246.209561	-0.125173643	0.135304433	0.00268420701	16.354935	-1201.09845	0.000105727469
111	-0.33527836	-1562.95456	0.138778244	53.5773664	0.832102089	33.0218526	-0.133860157	0.139681097	0.00408574079	15.0064261	-226.94867	0.000108292803
112	-0.333115733	-1549.99163	0.136139545	56.9614985	0.83929506	-38.842888	-0.131890994	0.138762964	0.00436956907	15.1173927	-430.714768	0.000107714586
113	-0.335621942	-1560.28083	0.140058418	55.526913	0.837611046	-68.308234	-0.133518405	0.139870179	0.00457606125	15.1146587	-302.300488	0.000108461712
114	-0.335700744	-1559.35938	0.142783255	53.7516593	0.830263149	-95.5123017	-0.134140595	0.139961678	0.00473942208	15.0008779	-180.039632	0.000108428458
115	-0.335228808	-1558.70819	0.140436471	55.387631	0.834880869	45.0919907	-0.13365426	0.139711813	0.00454621292	15.0893689	-245.604094	0.000108307867
116	-0.334746561	-1556.01904	0.141178859	54.4917246	0.83106594	35.5549069	-0.133670231	0.13953127	0.00459614146	15.0171612	-202.312208	0.000108131337
117	-0.335279056	-1553.47216	0.14503947	54.347783	0.828781625	-84.0731734	-0.13404002	0.139851105	0.00518998997	15.0002101	-149.175462	0.000108297101
118	-0.334474239	-1550.94158	0.142808829	55.6154231	0.831955413	38.3983499	-0.133430595	0.139469587	0.00503116329	15.0508849	-211.086221	0.000108068468
119	-0.33477315	-1551.91722	0.143802744	55.0056623	0.830301096	29.7229371	-0.133740913	0.139613001	0.00508743952	15.0245434	-171.882841	0.000108146061
120	-0.335062756	-1548.57641	0.147216847	54.8951094	0.827737412	-74.6332508	-0.133978914	0.13982295	0.00563821987	15.002504	-126.939963	0.000108236992
121	-0.334044409	-1544.79719	0.14508938	55.9149276	0.829935786	34.3437159	-0.133290738	0.139357795	0.00550644988	15.0295031	-186.283145	0.000107939116
122	-0.334843416	-1548.10894	0.146244847	55.5019696	0.829683271	26.2818824	-0.133787835	0.139708672	0.00556792901	15.0325787	-149.961306	0.000108179598
123	-0.334912924	-1548.06268	0.147045761	54.9294444	0.827728629	18.5597337	-0.13398563	0.139754372	0.00561545079	15.0000617	-114.90429	0.000108185225
124	-0.335400018	-1546.35729	0.149482025	55.3470584	0.827545196	-53.7205981	-0.134125837	0.140021996	0.00608165139	15.0184289	-107.834982	0.000108358219
125	-0.334732919	-1543.13567	0.148786377	55.8673624	0.827668698	30.0663248	-0.13377093	0.139733964	0.00608369338	15.0234476	-124.33811	0.000108156242
126	-0.335130492	-1542.49796	0.148911499	58.0774819	0.832953143	-27.1608266	-0.133439326	0.139913241	0.00636692121	15.1642194	-209.787718	0.000108341546
127	-0.333714693	-1537.06904	0.14597434	59.1731943	0.835817886	-4.1873008	-0.132356814	0.139273094	0.00620322149	15.2023621	-313.532667	0.000107934715
128	-0.334616132	-1539.11573	0.15083475	55.9217814	0.825744018	-48.6895675	-0.133710115	0.139745018	0.00648541358	15.0033019	-111.358658	0.000108127994
129	-0.333699512	-1534.92062	0.149306646	56.8957187	0.827561311	44.4679712	-0.133070259	0.139337723	0.00645814526	15.0261811	-165.338446	0.000107864675
130	-0.334624368	-1538.78977	0.150534309	56.4908112	0.827602222	36.3937869	-0.13361853	0.139741581	0.00652467975	15.0338456	-128.750946	0.000108145785
131	-0.334585898	-1538.25705	0.151264074	55.9567625	0.825439173	28.9353239	-0.133767785	0.139741752	0.00656885317	15.0000002	-94.711643	0.000108117024
132	-0.334878321	-1536.71488	0.152879823	56.3440304	0.825431742	-35.654331	-0.13379462	0.13990864	0.00690772498	15.0156061	-99.3460406	0.000108227849
133	-0.334538417	-1533.72037	0.153135914	56.862021	0.825484303	44.6216428	-0.133596453	0.139778979	0.00706467931	15.0247065	-105.244167	0.00010813331
134	-0.334678838	-1532.48253	0.152741518	58.9699339	0.830422212	-11.8000943	-0.133140123	0.139840261	0.00727487863	15.1513763	-197.514679	0.000108236052
135	-0.333605206	-1528.60935	0.150036286	60.0333967	0.833888134	10.2030229	-0.13221521	0.139344526	0.00712031606	15.2001104	-297.358091	0.000107937677
136	-0.334322795	-1529.85238	0.154701212	56.9060092	0.823682988	-33.0813479	-0.133467784	0.139737386	0.00739354947	15.0038515	-100.49948	0.000108074284
137	-0.33359333	-1525.10554	0.154138021	57.8601094	0.825019265	58.0977966	-0.132929821	0.139432066	0.00753407716	15.0241253	-142.906586	0.000107873534
138	-0.334051203	-1523.6222	0.157003393	57.5124921	0.822771017	-46.1250693	-0.133234158	0.139695024	0.0079624567	15.0003147	-102.960931	0.000108015867
139	-0.33327689	-1520.29739	0.155014486	59.1526258	0.82636319	48.1525312	-0.13252572	0.139336458	0.00791047206	15.069784	-182.27792	0.000107811079
140	-0.333660865	-1521.43081	0.156502207	58.0699347	0.823689178	35.1163188	-0.13296835	0.139525094	0.00799746929	15.0166544	-122.85175	0.000107906394
141	-0.334007919	-1519.5808	0.159023644	57.9097696	0.82188568	-48.2940962	-0.133178473	0.139734764	0.0084057615	15.0001212	-93.4361806	0.000108018779
142	-0.333407969	-1517.27925	0.156894725	59.5825803	0.826229305	43.1166082	-0.132508113	0.139443934	0.00833091455	15.0799172	-179.813899	0.000107872764
143	-0.333488817	-1516.97824	0.158352012	58.3855139	0.822497059	28.9588011	-0.13285546	0.139508157	0.00841722047	15.0087844	-115.21958	0.000107867583
144	-0.333977044	-1516.17899	0.15996501	59.1865814	0.823778571	-39.7465282	-0.132899596	0.139756089	0.00877682679	15.0558666	-130.99063	0.000108048089
145	-0.333604395	-1514.15948	0.160485018	58.4849454	0.820921891	-46.6418427	-0.132906998	0.139615096	0.00880840463	15.0001091	-99.0160898	0.000107912097
146	-0.333212785	-1512.00006	0.160022747	59.0890014	0.821599421	31.7626014	-0.132657999	0.139445448	0.00883952439	15.0183273	-115.724733	0.000107800334
147	-0.33334811	-1509.42182	0.161999459	59.2093221	0.820416106	-43.5624553	-0.132692885	0.139556642	0.00921315647	15.0110056	-105.173328	0.000107853311
148	-0.332850263	-1509.91034	0.154524909	67.3409831	0.840482724	108.946231	-0.130840939	0.139192612	0.00884378603	15.7127673	-443.921847	0.00010786351
149	-0.327865276	-1485.17886	0.156753558	62.159876	0.815298748	61.6342337	-0.129878604	0.137206984	0.00898204862	15.1094825	-229.773858	0.000106147818
150	-0.328041925	-1484.00664	0.154750087	65.0618108	0.827308833	-20.3804027	-0.128881741	0.137254551	0.00919117389	15.3439356	-428.006101	0.000106317558
151	-0.326850507	-1476.563	0.158628034	62.1684315	0.812009573	-64.4828634	-0.129400856	0.13685172	0.00942075074	15.0740851	-224.39295	0.000105833077
152	-0.324743851	-1467.28747	0.157053051	62.2043107	0.810103032	80.1356421	-0.128536306	0.135952467	0.00932922739	15.013196	-231.11916	0.000105158427
153	-0.322022828	-1453.47712	0.152990249	65.0167465	0.816369402	-3.98692643	-0.126276558	0.134770191	0.00940076426	15.0797111	-456.132634	0.000104401321
154	-0.325250606	-1465.35009	0.160195589	62.3351051	0.808823731	-61.4189848	-0.128789894	0.136245478	0.0098342959	15.0200995	-201.274513	0.000105323604
155	-0.325098337	-1465.49966	0.158119104	64.1516847	0.815576778	84.7347964	-0.128349845	0.136134735	0.00972238186	15.1334864	-279.075246	0.000105315976
156	-0.324434557	-1462.85005	0.157094725	65.0864222	0.815875208	91.9503705	-0.127935263	0.135841478	0.0096604498	15.1735431	-310.7307	0.00010511639
157	-0.324083871	-1459.91693	0.159723306	62.7359976	0.807244656	63.989699	-0.128417761	0.13575549	0.00981981851	15.0018307	-182.340742	0.000104941939
158	-0.324393713	-1458.58217	0.160318698	64.2380979	0.811216863	-31.1052251	-0.128125059	0.135910538	0.0101370574	15.0868958	-251.156149	0.000105089632
159	-0.323328817	-1453.32704	0.160789575	63.4585042	0.805786856	-41.0138884	-0.127925582	0.135486029	0.0101630941	15.0008452	-204.821204	0.000104722666
160	-0.323280131	-1450.76032	0.162759264	63.9116342	0.80493774	91.4457487	-0.128206253	0.135510837	0.0104380204	15.0129249	-135.677765	0.000104687833
161	-0.322846988	-1445.71102	0.164134876	64.4509766	0.803176175	-23.5765789	-0.12790058	0.135378934	0.0107818422	15.0105888	-147.530008	0.000104566385
162	-0.323276617	-1442.70312	0.165717122	67.1299728	0.809255585	108.242247	-0.127727155	0.135605748	0.0113574391	15.1699155	-192.728004	0.000104763223
163	-0.321458994	-1434.6221	0.164726537	66.8124829	0.804881836	108.519424	-0.126998737	0.134841418	0.0112895371	15.080718	-194.512514	0.000104175173
164	-0.317742393	-1414.58234	0.164465608	67.7622116	0.795530457	-30.269607	-0.12532575	0.133336195	0.0115569628	15.0007654	-215.40006	0.000102996191
165	-0.317732965	-1409.45185	0.168546911	68.8347933	0.793673899	106.636521	-0.125788446	0.133430844	0.0121543666	15.0457061	-100.600011	0.000102964298
166	-0.313678077	-1390.71362	0.163083454	73.7639899	0.796174636	33.2737595	-0.122942372	0.13167446	0.0120638648	15.2228871	-334.925561	0.000101777157
167	-0.313760895	-1390.22804	0.164984964	71.6742345	0.791217212	15.0976187	-0.123397678	0.131747627	0.0121753933	15.0858213	-250.268064	0.00010176234
168	-0.311846657	-1373.61419	0.17063684	72.2228582	0.779418987	-135.908924	-0.123151488	0.131116965	0.0130589367	15.0128692	-110.564534	0.000101104224
169	-0.30945843	-1369.69353	0.157377773	78.7221387	0.805460974	112.239387	-0.119790836	0.12984696	0.0121399364	15.4629764	-607.335097	0.000100568492
170	-0.305591102	-1349.19172	0.162818945	74.6427404	0.774800768	36.3651093	-0.119944638	0.128385814	0.012427106	15.0120453	-260.56349	9.91471379e-005
171	-0.305738177	-1344.51575	0.166643801	77.2347317	0.772642742	-105.411749	-0.120089809	0.128553249	0.0130612687	15.1445655	-214.811252	9.91925628e-005
172	-0.299470066	-1318.35653	0.162172666	78.6290199	0.75961825	38.4211351	-0.117620845	0.125889277	0.0126406009	15.020808	-215.51825	9.71592735e-005
173	-0.295185637	-1305.9063	0.139802187	92.0384982	0.810483323	154.560589	-0.110934218	0.123661784	0.0115889282	16.3882177	-1238.0805	9.62769308e-005
174	-0.28708226	-1268.4895	0.139984795	90.7160594	0.777331335	103.96374	-0.108575953	0.12038017	0.0115334467	16.1619189	-1014.58244	9.35462015e-005
175	-0.298970398	-1312.10437	0.164192411	79.0303608	0.757880658	-73.2856669	-0.11734129	0.125746139	0.013086335	15.0037862	-213.2458	9.70128378e-005
176	-0.298352679	-1310.77943	0.161596421	81.0498551	0.763464429	76.2109159	-0.116750974	0.125431639	0.0128888065	15.1103254	-287.945975	9.68507693e-005
177	-0.298091229	-1308.86387	0.163092763	79.5715993	0.75821359	59.6339553	-0.117015488	0.125357164	0.0129744808	15.0100151	-212.369589	9.67296775e-005
178	-0.298584652	-1307.54197	0.165273586	80.3033512	0.75902354	-55.9855454	-0.117102366	0.125621973	0.0133974239	15.05072	-217.634487	9.69060368e-005
179	-0.298332553	-1305.83694	0.166088023	80.1701657	0.757897753	71.4762295	-0.117296215	0.12553277	0.0134592779	15.0313805	-158.092707	9.68014258e-005
180	-0.298071327	-1301.64011	0.167777793	80.1861123	0.755795545	-35.7855857	-0.117149701	0.125476157	0.0138002201	15.0070669	-152.624335	9.67259603e-005
181	-0.297235059	-1296.84961	0.167233112	80.9944505	0.756922355	78.6306417	-0.116694568	0.125124406	0.0138872491	15.017319	-172.675857	9.64774792e-005
182	-0.297686263	-1295.93162	0.168749468	82.0244257	0.758481224	-30.8408758	-0.116673925	0.125356123	0.0142382899	15.0775342	-198.400838	9.66482629e-005
183	-0.297266526	-1293.65437	0.169465317	81.0334118	0.754615421	-40.458537	-0.116722818	0.125200004	0.0142750307	15.0018065	-154.319908	9.64909809e-005
184	-0.296926794	-1291.16939	0.169748949	81.5180314	0.754680191	62.8560713	-0.116650056	0.125067693	0.0143737638	15.0114193	-138.194433	9.63833026e-005
185	-0.296558137	-1286.92997	0.170810763	82.0656329	0.753401644	-28.800348	-0.116370589	0.124952641	0.0146582218	15.0140828	-152.298292	9.62818094e-005
186	-0.296346782	-1284.29789	0.169818864	84.7282087	0.760209925	106.879925	-0.115825337	0.124851748	0.0148323081	15.1661542	-234.688407	9.62737465e-005
187	-0.294961655	-1278.38441	0.168842323	84.5484078	0.757177543	108.482886	-0.115247245	0.124263592	0.0147515204	15.103326	-242.229534	9.58275626e-005
188	-0.296216915	-1282.33089	0.172739187	82.3781778	0.751490743	76.788526	-0.116451063	0.124861259	0.0150026731	15.0023871	-96.8060994	9.61652234e-005
189	-0.296434256	-1281.48849	0.172561586	83.9048959	0.755651133	-1.41682338	-0.116066722	0.124958522	0.0152100038	15.0903724	-180.303597	9.62865771e-005
190	-0.29551535	-1277.04565	0.173034046	82.9774704	0.750487874	-11.556211	-0.115933397	0.124592966	0.0152223244	15.0010892	-133.392377	9.59657864e-005
191	-0.29705405	-1272.27531	0.181853088	83.354348	0.746316405	6.80515173	-0.117066499	0.125447861	0.0166265407	15.0107648	19.7130131	9.64525519e-005
192	-0.296894964	-1269.33787	0.182355544	83.8332374	0.745664883	-20.9380595	-0.116795305	0.125404069	0.0168723183	15.0177711	-11.5313966	9.64315068e-005
193	-0.296480459	-1267.49026	0.179568782	86.2679968	0.752458114	47.5358129	-0.115891976	0.125179681	0.016839532	15.155303	-155.459875	9.637933e-005
194	-0.295365417	-1262.90593	0.178511779	86.4371379	0.750697325	51.4345177	-0.115375772	0.124700072	0.0167530343	15.1269495	-172.885551	9.60251469e-005
195	-0.296185408	-1264.95362	0.182121217	84.1332073	0.744044616	20.0536461	-0.116393828	0.125113759	0.0169837352	15.0016639	-29.6543496	9.62229043e-005
196	-0.296191224	-1264.03575	0.18111161	85.6905749	0.74845002	-0.08798568	-0.115902759	0.125102436	0.0170818507	15.0880524	-121.692481	9.62789368e-005
197	-0.295339365	-1259.92562	0.181611811	84.7623535	0.743436509	-10.3873067	-0.115798877	0.124764735	0.0170928831	15.0016444	-74.2766037	9.5979388e-005
198	-0.296832182	-1253.70787	0.189315151	86.0826808	0.740488029	24.5697397	-0.116407835	0.125585784	0.0186264537	15.0547299	-14.6841837	9.65150455e-005
199	-0.294141545	-1241.62095	0.186406009	87.2543634	0.738448	5.08173418	-0.114844206	0.124428892	0.0185294251	15.0248814	-111.343542	9.56953636e-005
200	-0.294151173	-1249.9409	0.160174423	124.661549	0.818551213	233.056022	-0.108288765	0.123884239	0.0174209783	11.5190864	-1450.3868	9.63676991e-005
201	-0.269133411	-1127.06387	0.18289707	67.6060305	0.646926205	-155.913596	-0.107140912	0.114147085	0.0180884476	15.0014727	359.76237	8.73609796e-005
202	-0.258658261	-1083.23859	0.179360858	60.932386	0.606312676	-2.62645252	-0.10427728	0.109759013	0.0174000359	15.2007749	593.400961	8.3837955e-005
203	-0.268320166	-1125.89388	0.181064146	66.484765	0.642971666	45.4534332	-0.107032548	0.113755992	0.0177613102	15.1549954	386.244352	8.70837422e-005
204	-0.262810343	-1097.46057	0.176634022	67.732695	0.628219923	-155.096006	-0.10360827	0.111440716	0.0179844939	15.0000039	164.644001	8.54445742e-005
205	-0.261197921	-1094.33448	0.170611235	70.1712617	0.634947096	41.7279451	-0.102224258	0.11063988	0.0174375166	15.0911324	2.29892849	8.49979521e-005
206	-0.254636047	-1066.57413	0.164470035	73.1655509	0.62549392	17.2391124	-0.0989709561	0.107829934	0.0170244137	15.0092857	-123.641336	8.2930607e-005
207	-0.251721243	-1061.18178	0.143095957	86.2289658	0.676933348	160.137444	-0.0928261863	0.106200614	0.0159562205	16.6828386	-1090.51825	8.24666888e-005
208	-0.238419109	-1001.27807	0.144212066	78.0129672	0.616995256	65.8784654	-0.089908013	0.10077323	0.0156175519	15.0505424	-636.35192	7.79132647e-005
209	-0.2544244	-1062.78652	0.165550414	73.8625692	0.625617162	-45.7250333	-0.0987223766	0.107779387	0.0173395696	15.0179753	-143.328914	8.28859671e-005
210	-0.254460051	-1062.44167	0.166293193	73.5666202	0.624643889	36.7636686	-0.0989580364	0.107808043	0.0174010142	15.0000028	-98.6575089	8.28819079e-005
211	-0.254216733	-1060.17797	0.16547254	75.2025011	0.628326458	-8.96110106	-0.0984003315	0.107699921	0.0175176111	15.0745973	-182.875213	8.28523279e-005
212	-0.254271438	-1059.83842	0.166730794	74.1335252	0.625033958	-21.2758861	-0.0987002127	0.10774938	0.017592957	15.0117931	-126.400562	8.28429041e-005
213	-0.254521392	-1057.30577	0.169473053	74.1911349	0.623368944	63.1986605	-0.099089244	0.107919158	0.0180225805	15.000735	-55.1610666	8.29139035e-005
214	-0.25451324	-1055.46015	0.170201434	74.6625487	0.623259558	-8.24930432	-0.0989451471	0.107940718	0.0182278531	15.0131592	-74.4184629	8.29285357e-005
215	-0.255604342	-1049.54532	0.176900781	75.2185503	0.619664544	6.88453414	-0.0995352048	0.108567505	0.0195011772	15.0137859	1.46669287	8.33136274e-005
216	-0.255550011	-1048.92394	0.174623524	77.6210435	0.626974119	11.3854966	-0.0987551796	0.108503801	0.0195245047	15.1581132	-144.272934	8.33777163e-005
217	-0.254336112	-1044.19097	0.17325898	77.8665871	0.62550714	16.8763181	-0.0981662518	0.10797651	0.0194002523	15.1207178	-168.608563	8.2993344e-005
218	-0.255228943	-1046.33274	0.177152768	75.5221801	0.618473183	-16.4313511	-0.0992559948	0.108426754	0.0196609805	15.0020652	-17.1787821	8.32116097e-005
219	-0.25527902	-1045.86315	0.175802092	77.0843737	0.623295851	37.9889873	-0.0987899768	0.108423427	0.0197288918	15.0897442	-108.787842	8.32862666e-005
220	-0.254568469	-1042.47355	0.176347984	76.1461961	0.618654907	27.4054562	-0.0987508007	0.108143997	0.0197344863	15.0019301	-60.634396	8.3031376e-005
221	-0.254681603	-1041.18449	0.177404879	76.4059889	0.617904459	-20.7954753	-0.0987632726	0.108220822	0.0199442357	15.0085652	-58.8455703	8.30756293e-005
222	-0.254598353	-1039.50996	0.17760112	76.9465434	0.618349364	33.5406243	-0.0986476623	0.10819516	0.0200863485	15.0247366	-69.7620125	8.30673199e-005
223	-0.254019999	-1036.7447	0.175192329	79.3827415	0.6244197	9.75868345	-0.0976974319	0.107914353	0.0200711274	15.1475247	-207.731227	8.29533229e-005
224	-0.25349183	-1034.86094	0.174249455	79.958309	0.624750924	15.7598348	-0.0973675593	0.107676974	0.0199949902	15.1664676	-234.416959	8.27936256e-005
225	-0.253872064	-1034.88118	0.177814166	77.2594898	0.616387	-17.7413127	-0.0982649421	0.107909976	0.020218277	15.0005253	-81.7775148	8.28442679e-005
226	-0.253926761	-1032.8197	0.177724473	78.9416541	0.62027992	66.8055813	-0.0979520183	0.10793945	0.0204728894	15.0831525	-137.42465	8.29126729e-005
227	-0.25340103	-1030.18455	0.178433278	78.0068661	0.615971883	55.7601914	-0.0979944246	0.107739234	0.0204933797	15.004201	-87.2932764	8.27169796e-005
228	-0.25337228	-1028.03648	0.179607692	78.3227816	0.614700406	-19.0751483	-0.0979452852	0.107762077	0.0207245606	15.0065117	-85.4353348	8.27146457e-005
229	-0.253508011	-1026.0596	0.180854685	78.9671285	0.614821379	50.942104	-0.0980105308	0.107851919	0.0210222183	15.0298411	-72.6871945	8.27735004e-005
230	-0.252541039	-1021.74271	0.178047736	81.6213691	0.620357656	15.5596845	-0.0968629721	0.107403852	0.0209716802	15.1497687	-219.673898	8.25364732e-005
231	-0.252279859	-1020.89673	0.177418775	82.1146444	0.62097257	20.221019	-0.0966663411	0.107282612	0.0209234105	15.1764648	-240.392285	8.24608856e-005
232	-0.252649985	-1020.85104	0.18101192	79.2773222	0.612491761	-13.5715323	-0.0975673439	0.107512048	0.0211487399	15.0002149	-86.2091589	8.25075812e-005
233	-0.253034617	-1017.54917	0.182860916	81.0149993	0.615217179	66.870035	-0.0974867597	0.107726921	0.021726944	15.080839	-110.881208	8.26835611e-005
234	-0.252574545	-1015.19667	0.183618821	80.0815547	0.611034368	55.6898762	-0.0975576452	0.107554616	0.0217510327	15.0052694	-60.1288345	8.25088506e-005
235	-0.251967506	-1011.41303	0.183146697	81.425616	0.611469567	-2.60777742	-0.0970303619	0.107304293	0.0218475011	15.0476304	-110.424011	8.23423444e-005
236	-0.250760736	-999.683555	0.18553147	83.0235988	0.60867274	-35.820605	-0.0964024719	0.106887003	0.0225264184	15.0399314	-111.832628	8.19898059e-005
237	-0.249325073	-999.682732	0.171232897	91.1923754	0.643402188	171.734289	-0.0928004714	0.105991817	0.0216704236	15.7756328	-720.167502	8.18217661e-005
238	-0.242947687	-973.477386	0.168367548	88.7692027	0.622712185	153.439098	-0.0908039173	0.103309862	0.0211998294	15.2489727	-633.439212	7.9693928e-005
239	-0.247914248	-988.761238	0.181693001	84.8569641	0.607623125	55.529173	-0.0949180162	0.105636604	0.0222109587	15.0338409	-187.66712	8.11035013e-005
240	-0.250286781	-997.819939	0.18430922	84.477293	0.610960086	47.2893583	-0.0960301376	0.106666051	0.0224740985	15.1086099	-148.757175	8.1859956e-005
241	-0.249974856	-996.07494	0.185167959	83.044874	0.607124979	36.2727625	-0.0961613399	0.106556318	0.0225091125	15.0081418	-98.0456273	8.17335493e-005
242	-0.249451637	-992.216439	0.185481078	83.6116895	0.606067575	-22.7252646	-0.0958246886	0.106357137	0.0226631595	15.0058556	-116.105205	8.15794909e-005
243	-0.249341336	-989.72563	0.186455491	84.349942	0.606094107	61.8204695	-0.0958539645	0.106337743	0.0228861976	15.029164	-93.7053433	8.15499918e-005
244	-0.248250058	-984.877695	0.183533216	87.1878351	0.611553282	14.8329853	-0.0946304113	0.105836886	0.022828461	15.1556831	-245.753618	8.12742063e-005
245	-0.248003152	-984.048222	0.183035528	87.4774506	0.611840222	18.2180632	-0.0944695556	0.105724154	0.0227866919	15.1689892	-260.449222	8.12002357e-005
246	-0.248563072	-984.71356	0.186822176	84.6299509	0.603703785	-15.9936444	-0.0954540337	0.106035682	0.0230343601	15.0001975	-104.221794	8.13081945e-005
247	-0.248712584	-981.796226	0.187880076	86.3594096	0.6068826	74.488991	-0.0953142332	0.106131819	0.0234405665	15.0807126	-128.272838	8.13982892e-005
248	-0.248291332	-979.632701	0.188652302	85.4034992	0.602783154	63.2902002	-0.0954018095	0.105975614	0.0234642571	15.0056987	-77.3678858	8.12360071e-005
249	-0.24774579	-975.992019	0.188366412	86.6812113	0.603095271	-4.80890552	-0.094914159	0.105754929	0.0235785669	15.0458243	-124.08433	8.10874613e-005
250	-0.246804164	-964.923759	0.191527458	88.2837821	0.600510981	-21.3303203	-0.0945176453	0.105462978	0.0243280727	15.0470215	-98.8229097	8.08100922e-005
251	-0.24541463	-963.619891	0.178298393	96.4286688	0.634009155	183.934689	-0.0910114234	0.104614225	0.0236472765	15.7658829	-686.769105	8.06554983e-005
252	-0.239549319	-940.069683	0.175293495	94.3783614	0.615347943	168.187121	-0.0891545314	0.102137627	0.0231507092	15.3049487	-613.793629	7.86986548e-005
253	-0.243882537	-952.418936	0.188473552	90.1520137	0.598221367	68.7127323	-0.0930565494	0.104202864	0.0241531844	15.0325805	-159.069701	7.98994099e-005
254	-0.243217612	-947.247907	0.189735843	90.3310637	0.594592167	-35.7868896	-0.0928207688	0.103968535	0.0243856121	15.0008207	-142.97488	7.96820191e-005
255	-0.242572376	-947.294733	0.182811426	96.9409794	0.612846522	123.557158	-0.0911366962	0.103552306	0.0239890346	15.4766045	-436.123441	7.96192569e-005
256	-0.237969078	-928.749678	0.180616571	95.3933062	0.597650182	107.392107	-0.0896712626	0.101617912	0.0236112789	15.1607598	-367.866297	7.80802277e-005
257	-0.243184867	-946.560989	0.190074393	90.6071006	0.595141096	54.3158112	-0.092917559	0.103961456	0.0244454149	15.0110673	-119.91295	7.96681533e-005
258	-0.243175815	-944.578336	0.191002949	91.0439652	0.594902626	-23.1816607	-0.0928042987	0.103987106	0.024666378	15.0206818	-132.549068	7.96787066e-005
259	-0.24311461	-943.303172	0.189950946	93.1865153	0.601369843	91.8272915	-0.0923997708	0.103943471	0.0247654067	15.1436946	-202.504391	7.97092622e-005
260	-0.242406616	-940.917277	0.188614187	93.964255	0.601846031	99.6629573	-0.0919546834	0.103623487	0.0246474577	15.1688023	-238.572559	7.9494597e-005
261	-0.242697995	-940.536672	0.192127108	91.2946097	0.59326716	66.3241575	-0.0928163623	0.103819267	0.0248682127	15.0007393	-85.7055482	7.95166666e-005
262	-0.24260617	-939.097124	0.191281502	92.9455269	0.597266455	3.99294129	-0.09229103	0.103772439	0.0249729795	15.0844821	-175.617428	7.95368618e-005
263	-0.242117156	-936.717962	0.191958025	91.9534151	0.59305885	-6.79077332	-0.0923489806	0.10358619	0.0249841585	15.0044089	-125.827285	7.93527288e-005
264	-0.243163228	-932.558843	0.198842327	92.2364755	0.589263149	-21.2975518	-0.0932665424	0.104189183	0.0260390581	15.0057687	9.36163218	7.96733568e-005
265	-0.243050245	-931.952711	0.198179927	92.8666494	0.590510491	11.1068652	-0.093056123	0.104129731	0.026041111	15.0343737	-22.9795967	7.96578639e-005
266	-0.241980834	-927.889279	0.194843391	95.3589609	0.595931732	15.0597257	-0.0918779936	0.103624837	0.0259045903	15.1429482	-171.349879	7.93868872e-005
267	-0.241991198	-928.199846	0.194268706	96.1824883	0.597608431	21.1745631	-0.0917544603	0.103616136	0.0258712587	15.2069767	-198.951914	7.94032699e-005
268	-0.242080244	-926.991694	0.197718946	93.0900573	0.58824981	-13.2535052	-0.0925616993	0.103727323	0.0260766079	15.0000161	-41.2895822	7.93567935e-005
269	-0.241898906	-924.425261	0.196859138	94.8421967	0.591802852	52.4890225	-0.0920370096	0.103643324	0.026256992	15.077856	-122.150347	7.93590146e-005
270	-0.241602764	-922.790385	0.19772128	93.869373	0.587956809	41.2106977	-0.0921775178	0.103540251	0.026288631	15.0077452	-70.5595223	7.9237091e-005
271	-0.241402077	-920.403023	0.198476156	94.1451205	0.586483704	-17.0174608	-0.0920613787	0.103481532	0.0264526845	15.0040512	-70.6762981	7.91779376e-005
272	-0.241624929	-919.254056	0.199406525	94.8952682	0.587118627	43.6710956	-0.0921180147	0.103599219	0.0267017578	15.0407559	-68.1472146	7.92676582e-005
273	-0.240151894	-913.539122	0.195828462	97.5859873	0.591823512	17.3840695	-0.0907588003	0.102924607	0.0265345533	15.1450004	-220.764726	7.88645983e-005
274	-0.240457436	-914.910202	0.195631955	98.3544258	0.59384337	22.1230582	-0.0907774578	0.103045342	0.0265418659	15.2198302	-242.232827	7.89748038e-005
275	-0.240524197	-913.602451	0.199094378	95.1016958	0.584334574	-12.5814734	-0.0915854168	0.103147523	0.0267462407	15.0000219	-83.0559375	7.8920281e-005
276	-0.24057696	-909.842468	0.20016389	96.9004271	0.586820449	64.3763271	-0.0913565653	0.103206629	0.0271938974	15.0754725	-115.205009	7.89864156e-005
277	-0.240351602	-908.481211	0.201093921	95.9361944	0.583107329	52.9395889	-0.0915273449	0.103134085	0.0272329669	15.0092657	-62.8950514	7.8887295e-005
278	-0.239474785	-904.016143	0.200212845	97.2625201	0.582990834	-1.99546721	-0.0908969553	0.10276275	0.0272601409	15.0424107	-114.527557	7.86308175e-005
279	-0.238321465	-893.835365	0.20197201	98.9676899	0.580866801	-33.7808013	-0.090306244	0.102348945	0.0277903509	15.0539396	-118.266944	7.82883134e-005
280	-0.236000367	-890.994163	0.186437577	107.548293	0.614779768	180.204199	-0.0862856846	0.101062031	0.0267754588	15.7927825	-743.848344	7.78351557e-005
281	-0.230552902	-869.807719	0.183631448	105.164937	0.59637543	162.289593	-0.0846725089	0.0987578552	0.0262390734	15.3349927	-658.790501	7.60038632e-005
282	-0.234951053	-881.68901	0.197327116	100.682598	0.578852177	60.8449261	-0.0886354	0.100863023	0.0273294058	15.0293966	-194.617978	7.72257444e-005
283	-0.237871034	-892.222513	0.200710398	100.573885	0.583397254	52.2638519	-0.0899550319	0.102136143	0.0277221564	15.1371532	-153.515008	7.81644733e-005
284	-0.23738919	-889.900547	0.201432138	98.8822946	0.579005146	40.7614703	-0.0900351238	0.101953256	0.0277306574	15.0135108	-100.427689	7.79807014e-005
285	-0.23665707	-885.57434	0.20139949	99.4057709	0.577514184	-20.0642861	-0.0896156034	0.101659614	0.0278240638	15.0034745	-120.384921	7.77567308e-005
286	-0.236723469	-883.581143	0.20277883	100.252033	0.577750691	64.7822363	-0.089768386	0.101721767	0.0280868588	15.0400887	-86.3057753	7.77801548e-005
287	-0.235144501	-877.384857	0.199130846	103.102686	0.582296358	19.0422746	-0.0883384501	0.101003112	0.0279169625	15.1501186	-244.380027	7.73440824e-005
288	-0.235474505	-878.766399	0.199091267	103.686376	0.584027318	22.5218666	-0.0883943722	0.101137289	0.0279369957	15.2125326	-259.962364	7.74596264e-005
289	-0.235727336	-878.136213	0.2027521	100.423253	0.574857784	-12.5784908	-0.0892835707	0.101320214	0.028165502	15.0000355	-98.766556	7.74652962e-005
290	-0.235770667	-874.279129	0.204124462	102.218434	0.57721551	65.0706668	-0.0891356764	0.101381403	0.0286204833	15.0750241	-114.215398	7.75190345e-005
291	-0.235594458	-873.117679	0.205090595	101.239947	0.573610305	53.6171666	-0.0893263818	0.101329781	0.0286635069	15.0100214	-61.7297294	7.7435895e-005
292	-0.234756564	-868.89287	0.204226782	102.485021	0.57347091	-1.66505027	-0.0887211567	0.100974336	0.0286845909	15.0403158	-111.90178	7.71906988e-005
293	-0.233773468	-859.829247	0.205812612	104.21982	0.57201637	-32.8358214	-0.0881781109	0.100625145	0.029178974	15.063468	-121.187054	7.69041222e-005
294	-0.231200244	-856.168839	0.190072507	112.725581	0.605221799	182.14354	-0.0840831627	0.0992293085	0.0281206908	15.7808865	-743.322312	7.63652449e-005
295	-0.226370295	-837.790531	0.187312649	110.890367	0.589166541	167.461336	-0.082641596	0.0971787131	0.0275981108	15.4144555	-673.1878	7.47417213e-005
296	-0.230009503	-846.50589	0.200654934	105.916069	0.569281726	64.0612798	-0.0863527932	0.0989653773	0.0286380164	15.0279704	-199.555319	7.57116781e-005
297	-0.233296161	-858.15002	0.204516305	105.917225	0.574579924	54.9986076	-0.0878203633	0.100400402	0.0291037199	15.1538956	-155.812271	7.67710207e-005
298	-0.232756097	-855.632427	0.205210409	104.067746	0.569919118	43.0717572	-0.0878894177	0.100192785	0.0291030087	15.0173178	-100.707938	7.65669233e-005
299	-0.231879743	-850.896344	0.204971675	104.577495	0.568144859	-18.6019221	-0.0874090663	0.0998349921	0.0291645135	15.0024674	-122.30757	7.62955124e-005
300	-0.23204649	-849.001741	0.206701676	105.49178	0.568369089	65.5197652	-0.0876372863	0.0999466804	0.029471184	15.0460752	-79.7525285	7.63490371e-005
301	-0.230198273	-842.043011	0.202640654	108.36103	0.572462546	21.5297074	-0.0860883545	0.099107652	0.0292413607	15.1481399	-242.038495	7.58252548e-005
302	-0.230810639	-844.420544	0.202887629	109.073664	0.574825346	24.7728512	-0.0862553694	0.0993642811	0.0293015813	15.2335213	-256.69392	7.6033362e-005
303	-0.230931234	-843.280108	0.206469078	105.611467	0.565224756	-10.6638647	-0.0871034851	0.0994910942	0.0295163771	15.0002291	-93.6177115	7.59947896e-005
304	-0.230980285	-838.905425	0.208186424	107.431513	0.567050662	55.4791684	-0.0869680985	0.0995641389	0.0300332962	15.0724079	-104.755106	7.60511533e-005
305	-0.22747155	-825.501123	0.203652499	108.733899	0.564265479	4.25981017	-0.0850435177	0.0980305779	0.0296411368	15.0085223	-216.95676	7.49563347e-005
306	-0.231161182	-839.416122	0.20578627	110.092754	0.576734859	16.2785116	-0.086151151	0.0995951838	0.0300547504	15.2675816	-274.92157	7.61984199e-005
307	-0.230527116	-835.448921	0.208894193	107.197159	0.564805786	-21.09904	-0.0867692658	0.0994009478	0.0301822333	15.0305623	-101.978751	7.59065999e-005
308	-0.229409586	-830.505055	0.207561215	107.481009	0.565222057	61.1863494	-0.0861865617	0.0989145004	0.0301301155	15.0007833	-130.201761	7.55651776e-005
309	-0.230468636	-833.558667	0.210234223	106.958441	0.562954324	43.8140937	-0.0869779763	0.0994085098	0.0303679722	15.0038659	-50.3421748	7.58754854e-005
310	-0.229897376	-830.804895	0.208957291	107.955046	0.565032697	4.50387035	-0.086370365	0.0991519039	0.0303628914	15.0309091	-123.853802	7.57279867e-005
311	-0.230643206	-833.08857	0.210541387	107.579136	0.564287747	-4.75213239	-0.0868591002	0.0994932025	0.0305134522	15.0361218	-81.6411054	7.59532404e-005
312	-0.230611133	-832.637251	0.211247942	106.978903	0.562070218	-12.310491	-0.0870156997	0.0994953706	0.0305516608	15.0000048	-47.0745069	7.59261387e-005
313	-0.230973806	-831.415049	0.212653629	107.376629	0.56193138	35.1542687	-0.0871373218	0.0996830901	0.030884638	15.0164092	-39.8975651	7.60635124e-005
314	-0.230738575	-829.553216	0.212595037	107.806359	0.562007776	-5.45292474	-0.0868891331	0.0995906473	0.0309661952	15.0231241	-66.2638638	7.60039361e-005
315	-0.231893697	-827.187239	0.216120771	110.316319	0.564976804	8.86458263	-0.0870552415	0.100166902	0.0318538189	15.1754915	-91.779908	7.64431195e-005
316	-0.230877266	-824.419916	0.213273943	110.921276	0.567902155	28.1318479	-0.0862323768	0.0996871845	0.0316057215	15.1903049	-180.313747	7.61510589e-005
317	-0.231591242	-825.11258	0.218018784	107.813848	0.558089315	-13.3025543	-0.0874453944	0.100083336	0.0319381451	15.0020347	10.6529842	7.62945144e-005
318	-0.231018353	-822.989689	0.215992683	108.935395	0.560922698	27.2037154	-0.0868003007	0.0998064466	0.0318563963	15.0397666	-73.2965366	7.61550831e-005
319	-0.231553904	-824.500733	0.217369674	108.460397	0.559726344	18.2868445	-0.0872034054	0.100056789	0.0319804527	15.0317717	-32.2498391	7.63118803e-005
320	-0.231683881	-824.599832	0.218292475	107.847191	0.557747633	10.0999469	-0.0874364878	0.10013032	0.0320444836	15.0002739	5.37843902	7.63366901e-005
321	-0.231813383	-824.196538	0.218482611	108.295239	0.558394958	-7.77326933	-0.0873509954	0.100192264	0.0321579411	15.0229115	-17.0954924	7.63964216e-005
322	-0.232508558	-819.803474	0.221909753	108.726797	0.555515403	41.5860647	-0.0874595705	0.10057722	0.0330272831	15.0194102	-19.0318147	7.66822618e-005
323	-0.232328233	-821.654168	0.214177928	113.871056	0.57759163	76.6065981	-0.0854375736	0.100342227	0.0326722297	15.4146273	-407.343026	7.68146486e-005
324	-0.229760677	-810.480837	0.216458117	109.366852	0.557963832	28.4476148	-0.0855746431	0.0993330889	0.0325759717	15.0002947	-184.843837	7.58606637e-005
325	-0.232270171	-817.811028	0.222192902	108.709128	0.554473783	-5.72132229	-0.0872936172	0.100490716	0.0331241861	15.0009309	-28.7468785	7.66132253e-005
326	-0.23378119	-812.313751	0.228097381	110.031726	0.552571446	21.4712531	-0.0875749615	0.101280608	0.0345586306	15.048606	-39.856195	7.71987206e-005
327	-0.23283528	-809.014706	0.225253411	111.790053	0.556823083	12.0101124	-0.0865989071	0.100834526	0.0344057397	15.117768	-159.911386	7.69494355e-005
328	-0.233507811	-811.873221	0.224754083	113.914452	0.561718138	23.8868327	-0.0865891179	0.101100755	0.0344391267	15.3131351	-214.820431	7.71977542e-005
329	-0.232507683	-806.903113	0.227101735	110.103892	0.549807892	-10.1893328	-0.0869806499	0.10073941	0.0344809091	15.0004002	-57.8893047	7.67923182e-005
330	-0.232328199	-802.980991	0.227289855	111.91587	0.552051486	56.3495645	-0.0865664619	0.100682584	0.034817548	15.0708422	-111.816911	7.67898337e-005
331	-0.232322399	-802.452385	0.22841832	110.946357	0.548802683	44.7522544	-0.0868267122	0.10070452	0.0348812852	15.013769	-58.4148361	7.67622186e-005
332	-0.231934919	-799.758503	0.228795356	111.145781	0.54699757	-12.013019	-0.0866368695	0.100559388	0.0349784036	15.0017345	-60.7301143	7.66403356e-005
333	-0.232410423	-799.178767	0.229229179	112.592084	0.550975791	55.2152458	-0.0865178233	0.100773386	0.0352917078	15.085523	-109.901132	7.68439632e-005
334	-0.231588376	-795.933227	0.229354056	111.714982	0.546361525	45.398744	-0.0864273631	0.100437305	0.0352203243	15.0030564	-65.4257864	7.65509902e-005
335	-0.231518066	-794.283978	0.230112612	112.009962	0.545177943	-13.67095	-0.0863667626	0.100431286	0.0353711653	15.0076751	-65.4997839	7.65327676e-005
336	-0.23152405	-792.186653	0.231005764	112.626887	0.544958372	42.1796016	-0.086365066	0.10045938	0.0356100424	15.0269889	-57.6351892	7.6549351e-005
337	-0.230598404	-789.074933	0.227769405	115.206794	0.550619622	18.8787339	-0.0852662788	0.100014539	0.0354450998	15.1514141	-202.983876	7.63182418e-005
338	-0.230230298	-788.058442	0.226878063	115.754743	0.551253847	24.399222	-0.0850124282	0.0998429902	0.0353579097	15.1784281	-227.89669	7.62082467e-005
339	-0.230829827	-788.604065	0.230812332	112.7583	0.543127441	-9.78971008	-0.086009244	0.100175052	0.0356400972	15.0001006	-70.7410787	7.63310235e-005
340	-0.231083748	-785.674394	0.232064152	114.466785	0.5456163	53.297076	-0.085868348	0.100320639	0.0361015581	15.0789826	-101.10144	7.64615149e-005
341	-0.230831905	-784.335141	0.232888857	113.440587	0.541944932	42.2044677	-0.0860244113	0.100234533	0.0361234517	15.0082407	-50.1724659	7.63537424e-005
342	-0.230326137	-781.739663	0.232213493	114.418404	0.542376623	-1.88602654	-0.0855910691	0.100017522	0.0361399832	15.0378235	-93.4544041	7.62120657e-005
343	-0.23067873	-782.929064	0.232586702	114.368405	0.543156866	-2.00988512	-0.0857270245	0.100170778	0.0361961271	15.0481393	-92.8128685	7.63282435e-005
344	-0.23085849	-783.111207	0.233722099	113.452403	0.540857869	-11.7585208	-0.0860157651	0.100269336	0.0362784325	15.0002136	-47.8524832	7.63660898e-005
345	-0.231102658	-781.633974	0.234908831	113.87903	0.54065481	35.2779674	-0.0860862485	0.100402993	0.0365756258	15.014941	-42.6345628	7.6464287e-005
346	-0.230744603	-779.475514	0.234691667	114.244091	0.54041559	-5.4957772	-0.0858007541	0.100255937	0.036624422	15.0140432	-67.9877462	7.63626213e-005
347	-0.231781354	-777.559845	0.237305163	116.536463	0.544877149	18.0741041	-0.0858211119	0.100761382	0.0373934802	15.1549215	-116.626298	7.67699032e-005
348	-0.230652548	-774.113236	0.235389572	116.984614	0.544406525	25.8822907	-0.0852282373	0.100253977	0.0371680369	15.1420141	-152.182711	7.64131207e-005
349	-0.231359371	-775.020027	0.239386293	114.467197	0.536671668	-7.71923929	-0.0862491692	0.100632017	0.0374677315	15.0015435	2.14936601	7.6573059e-005
350	-0.231918866	-773.619023	0.239589349	116.083735	0.539793701	49.3237814	-0.0859006537	0.100882332	0.0379137012	15.0883531	-93.1749301	7.6840243e-005
351	-0.231388902	-771.393927	0.24006284	115.006643	0.535639302	38.7563365	-0.0859415911	0.10067378	0.03788487	15.0038371	-44.8321545	7.66414897e-005
352	-0.231452854	-770.39065	0.240846309	115.157984	0.534790547	-10.849826	-0.0859395108	0.100722617	0.038034683	15.0056866	-44.310716	7.66669342e-005
353	-0.231849387	-769.22046	0.242201053	115.797631	0.53500997	35.9514079	-0.0860378422	0.100923696	0.0383788088	15.0366879	-43.8293638	7.68196075e-005
354	-0.230841962	-766.037944	0.238842388	118.034669	0.540297957	19.5766341	-0.0849395212	0.100441114	0.0381775177	15.1356117	-184.483589	7.65580749e-005
355	-0.231005192	-766.919986	0.238256675	119.268717	0.542843608	27.4601502	-0.0848292727	0.100495475	0.0381612836	15.236225	-220.633959	7.66292584e-005
356	-0.230899455	-765.049393	0.241546333	115.872305	0.532851875	-7.46480911	-0.0855778245	0.100522878	0.0383365211	15.0000481	-59.8265753	7.65170766e-005
357	-0.231182062	-761.125479	0.24336855	117.634644	0.534366431	39.1521157	-0.0854284741	0.100696968	0.0389261199	15.0739538	-89.2426569	7.66634824e-005
358	-0.231100663	-760.36483	0.244388054	116.634946	0.53101721	27.8074704	-0.0856547384	0.10068532	0.0389749422	15.0117301	-36.9854568	7.66113512e-005
359	-0.230299138	-757.112479	0.24313081	117.647319	0.531215563	-0.821466711	-0.0850957452	0.100332403	0.0389047508	15.0351091	-84.7673059	7.63731908e-005
360	-0.230906084	-759.083933	0.243826726	117.645094	0.53245772	-1.32236466	-0.0853335393	0.100597753	0.0390102011	15.0571576	-82.4610995	7.65731192e-005
361	-0.231039283	-759.084775	0.244946405	116.624047	0.529965357	-11.3333314	-0.085611114	0.100676776	0.0390879322	15.0008745	-36.2017997	7.65950371e-005
362	-0.231122469	-757.560206	0.245585303	117.038206	0.529824172	29.9397166	-0.0855767905	0.100730959	0.0393023291	15.0122942	-41.7131261	7.6642117e-005
363	-0.23082121	-755.717161	0.245344344	117.470524	0.529839544	-5.89843072	-0.0853119019	0.100606295	0.0393459211	15.0181753	-67.7054186	7.65591019e-005
364	-0.231549099	-753.134482	0.247379134	119.788335	0.534059644	25.8882763	-0.085203619	0.100970472	0.0400223698	15.1508545	-120.44265	7.68644059e-005
365	-0.230696283	-750.692887	0.245722848	120.377566	0.534237254	33.5564615	-0.0847183535	0.100582208	0.0398326178	15.160228	-155.510009	7.65981139e-005
366	-0.231271232	-751.087137	0.249651151	117.660192	0.526035634	-0.501893045	-0.0857002576	0.100904507	0.0401191583	15.000773	1.14526677	7.67136968e-005
367	-0.231593834	-749.418255	0.249616848	119.300559	0.529032027	-8.83273088	-0.0852683122	0.101051279	0.0404700182	15.0843923	-94.7996994	7.68925426e-005
368	-0.231181351	-747.621592	0.25020926	118.235449	0.525117964	-19.4423766	-0.0853580127	0.100893605	0.0404563851	15.0055734	-45.6375777	7.67320076e-005
369	-0.230801096	-746.251801	0.249124094	119.118625	0.526569546	24.7270082	-0.0850319492	0.100714367	0.040399431	15.0397833	-81.1618535	7.66294501e-005
370	-0.230913204	-746.633987	0.249203196	119.072302	0.526942162	25.2303885	-0.0850646287	0.100762195	0.0404165176	15.0412104	-83.3220712	7.66675621e-005
371	-0.23112055	-746.894859	0.25034728	118.251927	0.524777308	15.7949191	-0.085355307	0.100872475	0.0405047103	15.0000011	-39.8288953	7.67154802e-005
372	-0.231169695	-746.138084	0.250610521	118.668769	0.525179804	-11.6104662	-0.0852614788	0.100903102	0.0406155579	15.0175592	-57.5851494	7.67454505e-005
373	-0.231175602	-746.041218	0.250877516	118.427372	0.52444627	-14.2825367	-0.0853243242	0.100911288	0.0406312858	15.0038086	-45.259213	7.67414812e-005
374	-0.231343604	-745.334045	0.251752667	118.42204	0.523738445	22.571603	-0.0854470285	0.10100275	0.0408021382	15.0000624	-28.5134458	7.68003474e-005
375	-0.231412335	-744.767655	0.25195007	118.841261	0.524282665	-6.29906468	-0.0853521685	0.1010397	0.0409018982	15.0194489	-48.4089218	7.68370015e-005
376	-0.231362084	-744.491932	0.2521515	118.583121	0.52343453	-8.92361431	-0.0853932933	0.10102327	0.040907447	15.0027044	-36.2808757	7.68144885e-005
377	-0.231946998	-742.870463	0.254588678	118.76444	0.521895082	30.0152545	-0.0856639211	0.101328637	0.041407217	15.0068931	-11.3972877	7.70241993e-005
378	-0.231956533	-742.194814	0.254559442	119.328919	0.522685313	-1.29044322	-0.0855072636	0.101336287	0.0414863606	15.0327767	-39.5037967	7.70448461e-005
379	-0.231841194	-738.676151	0.254129642	121.492999	0.526547807	-6.14632416	-0.0848577113	0.10129544	0.0418082748	15.135334	-144.013567	7.7084289e-005
380	-0.231823072	-738.98273	0.253291392	122.731546	0.528858497	2.36982182	-0.0846636928	0.10126957	0.0417585961	15.2276477	-183.156429	7.7096812e-005
381	-0.231750093	-737.259828	0.256574379	119.427516	0.518986235	-32.2158428	-0.0854190193	0.101310282	0.0419346464	15.0000036	-23.5433947	7.69959807e-005
382	-0.23100609	-735.841482	0.253473657	121.114697	0.523704939	23.8452168	-0.0846406979	0.100935565	0.0416783197	15.0751101	-125.644938	7.68010246e-005
383	-0.230891691	-734.995391	0.254435549	120.103785	0.52032723	12.6907145	-0.0848530495	0.100908938	0.0417187705	15.0110256	-74.0914308	7.67382253e-005
384	-0.231757273	-737.288972	0.256430569	119.500626	0.519286265	2.07945219	-0.0854153632	0.101309502	0.0419335557	15.0039693	-25.0876341	7.70021873e-005
