#steady-1-unknown-delta-evolution
0	0	0	0	0	0	0	0	0	0	0
1	0.0556258371	0.0857300788	-0.0149561844	0.0421514002	0.00389297781	0.238087341	0.169901054	0.000216099291	-0.0164090908	0.000319720195
2	0.112348843	0.166721212	-0.0275609382	0.0855036005	0.00988546092	0.502646579	0.355504428	0.000422973504	-0.0347080286	0.00147666357
3	0.220732229	0.310155152	-0.0454808277	0.175658101	0.0227203388	1.11807652	0.777192758	0.000829408574	-0.0771136309	0.00631574849
4	0.15869313	0.224304347	-0.031476372	0.13118748	0.0175842096	0.866493006	0.595023334	0.000629655671	-0.0593905277	0.00469607537
5	0.269561134	0.347435357	-0.0411377217	0.222298004	0.0335042984	1.59967915	1.05985046	0.00101358246	-0.10870198	0.00883412374
6	0.204551473	0.266820552	-0.0299668694	0.175513976	0.0261135887	1.28783842	0.855846085	0.000814667654	-0.0876280278	0.00845317641
7	0.317409394	0.363961942	-0.0271719969	0.261833184	0.0433913014	2.15778143	1.36233248	0.00117605729	-0.144258863	0.011197349
8	0.25013187	0.293194068	-0.0220350409	0.215581706	0.0345975302	1.77303911	1.13132883	0.000982274658	-0.119324831	0.0118809278
9	0.365190783	0.362091676	-0.0060823507	0.293090086	0.0516635907	2.79303479	1.66955045	0.00133114437	-0.183158647	0.0126744592
10	0.295035788	0.303843197	-0.00740037838	0.249197249	0.0423475333	2.32524168	1.41418792	0.00114468251	-0.154088178	0.0144767183
11	0.411672161	0.345866202	0.0215173648	0.31459366	0.0580560903	3.50649507	1.97165013	0.00150629629	-0.224631198	0.0126220657
12	0.338644922	0.300849662	0.013217044	0.275549865	0.048988345	2.94708631	1.69835548	0.00131919122	-0.191495911	0.0160489056
13	0.455683779	0.320347425	0.0532662421	0.328079216	0.0627875137	4.29621318	2.26454411	0.0017247201	-0.268070436	0.0113902693
14	0.380255567	0.287180297	0.038114644	0.295551598	0.0544620048	3.63937282	1.98030626	0.00152192511	-0.231196065	0.0168093354
15	0.496453112	0.290131984	0.0861451302	0.337206742	0.0663677517	5.15733892	2.54881389	0.00199841538	-0.313138341	0.00965011187
16	0.41925685	0.265856163	0.0650804046	0.311333839	0.0589416393	4.40100988	2.25888081	0.00176342384	-0.27299768	0.0171724984
17	0.533995542	0.258513201	0.117432674	0.345836063	0.0693632992	6.08624538	2.82710801	0.00232815843	-0.359917842	0.00780595271
18	0.455280873	0.239321892	0.0918699581	0.325481268	0.0627072741	5.22990119	2.53427322	0.00204740334	-0.316917279	0.0175536837
19	0.569224357	0.227434941	0.145438396	0.3566696	0.0722259666	7.08480226	3.10195372	0.00270915416	-0.408907024	0.00569828273
20	0.488787348	0.203463632	0.119320536	0.338105171	0.0656498954	6.10290405	2.80209595	0.00436296587	-0.362946964	0.0232501624
21	0.456042057	0.260670713	0.0810627809	0.359210676	0.0635743189	5.57434751	2.66454733	0.00225245162	-0.337135458	0.0166268271
22	0.455115435	0.303337252	0.0580825503	0.429075659	0.0631464559	6.26574627	2.92512393	0.00266210949	-0.378227273	0.0148391587
23	0.437882222	0.390998986	0.00164555766	0.586337124	0.0628950757	7.66135003	3.44347869	0.00348327926	-0.464389589	0.0113846554
24	0.438528425	0.346150688	0.0235269188	0.522544931	0.0627540781	7.0044121	3.18544081	0.00373820326	-0.426287304	0.0143853326
25	0.40301307	0.443121971	-0.0493268683	0.711485583	0.0653035444	8.41980743	3.6918152	0.00420895793	-0.518549973	0.00964961474
26	0.428532478	0.379640745	-0.00642485738	0.625721068	0.0637212641	7.88252489	3.45519263	0.00697555371	-0.483736348	0.0177431429
27	0.427772304	0.371302389	0.00346306602	0.57411446	0.0639209491	7.35280156	3.31075524	0.00385367871	-0.449949716	0.0132991387
28	0.406933799	0.416678496	-0.0348257763	0.681136964	0.0644097885	8.15022622	3.56792142	0.00511183454	-0.503046319	0.0124483802
29	0.420294533	0.382729142	-0.0104226132	0.631011052	0.0640728595	7.95226799	3.44946668	0.00662224546	-0.487308094	0.0157445188
30	0.434569163	0.355126365	0.0116578442	0.583676001	0.0638247236	7.82815733	3.36730753	0.00770763279	-0.474853739	0.0176642511
31	0.447408304	0.320311387	0.0275652539	0.604199595	0.0647766901	8.82344825	3.47511103	0.0157213148	-0.526988695	0.0266759774
32	0.439607131	0.335126454	0.0186058402	0.59591933	0.0644418286	8.37232965	3.41441146	0.0120043096	-0.503487514	0.0224360841
33	0.452395147	0.297157032	0.0317216149	0.621392511	0.0658376126	9.43272562	3.51438269	0.0203413768	-0.559375603	0.0317911699
34	0.444439653	0.313676396	0.0239004206	0.610668717	0.0654193632	8.94349724	3.45675182	0.0164010343	-0.533746869	0.0272940119
35	0.456883641	0.277779632	0.0314545675	0.640055807	0.0666694358	9.94068387	3.54033863	0.0239661224	-0.5869288	0.0358111814
36	0.449704959	0.291114385	0.0269929974	0.62855641	0.0664328512	9.53513578	3.49476835	0.020814687	-0.565318688	0.0321400387
37	0.456325272	0.276319202	0.0274888188	0.644147444	0.0668971495	9.95052232	3.52676879	0.0237963828	-0.587808542	0.0355319462
38	0.455336382	0.275352285	0.0269443057	0.644377411	0.0670200814	9.9539598	3.52159233	0.023792742	-0.587923461	0.0354485232
39	0.456021172	0.275390732	0.0263887768	0.645175244	0.0670206354	9.95505027	3.52161115	0.0237584912	-0.588035526	0.035424753
40	0.456062421	0.275350626	0.0263324066	0.645259507	0.0670244241	9.95523158	3.5215826	0.0237556794	-0.588045197	0.0354222857
41	0.456158241	0.275260126	0.0262728764	0.645355441	0.0670318671	9.95558545	3.52156417	0.0237521942	-0.588050148	0.0354189633
42	0.456162494	0.275245298	0.0262921842	0.645324911	0.067031946	9.95560599	3.52155643	0.0237527913	-0.588045546	0.0354199062
43	0.456162601	0.275242644	0.0262982102	0.645314502	0.0670318216	9.95560936	3.52155291	0.023752978	-0.588044642	0.0354201818
44	0.4561628	0.275242649	0.0262981869	0.645314409	0.0670317922	9.95560971	3.52155324	0.0237529623	-0.588044739	0.0354201831
45	0.456163099	0.275242542	0.0262981882	0.645314395	0.0670317907	9.95561035	3.52155357	0.0237529546	-0.58804476	0.0354201788
46	0.456163001	0.275242555	0.0262982046	0.645314379	0.0670317924	9.95561016	3.52155345	0.0237529579	-0.588044744	0.0354201814
47	0.456163008	0.275242554	0.0262982028	0.645314383	0.0670317926	9.95561017	3.52155346	0.0237529578	-0.588044745	0.0354201811
48	0.456163007	0.275242554	0.026298203	0.645314383	0.0670317926	9.95561017	3.52155345	0.0237529578	-0.588044744	0.0354201811
49	0.456163006	0.275242554	0.0262982031	0.645314383	0.0670317926	9.95561017	3.52155345	0.0237529578	-0.588044744	0.0354201811
50	0.456163006	0.275242554	0.0262982031	0.645314383	0.0670317926	9.95561017	3.52155345	0.0237529578	-0.588044744	0.0354201811
