#steady-1-unknown-delta-evolution
0	0	0	0	0	0	-0	0	-0	0	0	0	0
1	0.0565030125	0.103062086	0.138725937	-0.169076299	0.106598974	-0.182661719	0.0206140901	9.76957093e+157	0.0770141465	-0.140305128	0.00368306607	-0.0393912148
2	0.221886932	0.281502089	0.413645814	-0.41973742	0.296975372	-0.270365056	-0.00890595532	3.69681593e+158	0.379178025	-0.30315483	0.00734172032	-0.0323150972
3	-0.118493618	-0.0642937381	-0.254721018	0.0202096715	-0.20703793	-0.193305999	0.184044911	-7.98314367e+157	-0.264750911	-0.00893057444	-0.0120006381	-0.0158758441
4	0.39619577	0.462109323	0.66485009	-0.583583591	0.433676745	-0.366969034	-0.164993948	6.76118119e+158	0.67384992	-0.456002319	0.00398663241	-0.0461928969
5	0.721481959	0.817586276	1.39709368	-0.907836188	0.89657662	-0.510778178	-0.471815807	1.35696276e+159	1.28469642	-0.742636889	0.00637533644	-0.0825319653
6	0.5770139	0.685764456	2.26633436	2.09196646	-0.565608657	-1.10889417	-0.229253743	1.34062708e+159	2.06168047	-0.601060123	-0.991202085	0.111018572
7	0.969900325	1.02673988	1.75229715	-4.14699554	4.02088343	-0.731135983	-0.73628475	1.97030529e+159	2.17109025	-0.963213379	-0.165272389	-0.115028889
8	0.841292256	1.01478715	1.67792103	-0.905526049	0.93513893	-0.626970938	-0.470970495	7.92027044e+160	1.50409885	-0.776960786	-0.00358327002	-0.132847316
9	1.01488607	1.40493534	7.83546665	-1.00662086	3.84125433	-0.887385463	-0.774661783	2.15952883e+161	1.96171311	-0.870156725	-0.0922925193	-0.23996997
10	0.441160756	0.624703066	-10.5270857	-0.687464645	-15.3202689	-1.0269463	-0.626651591	-8.23415683e+159	1.05670345	-0.79325783	-0.159189095	-0.0103687844
11	0.980078977	1.75643651	23.9199564	-1.11224245	13.7984009	-1.3288274	-1.2704999	2.83051375e+161	2.56501865	-0.981766278	-0.576763857	-0.389761844
12	1.13338467	1.60071239	8.41731508	-1.00102472	8.14456847	-0.911834033	-0.738057453	2.02373249e+161	2.1888358	-0.881076789	-0.0935126905	-0.274188022
13	0.96662056	1.19458986	6.89779228	-0.976651075	44.8802545	-0.879395628	-0.658338832	2.71620467e+161	1.8266822	-0.855075418	-0.144077478	-0.255881546
14	0.992815229	1.40437487	8.24898099	-0.969448804	116.539798	-0.910083436	-0.679896362	1.8674707e+161	2.02185571	-0.873739395	-0.156239529	-0.239729681
15	0.997492891	1.41327557	8.27357212	-0.971712278	-78.3014597	-0.913555325	-0.676018594	1.87899515e+161	2.03207422	-0.874331995	-0.15760714	-0.241121286
16	1.09834846	1.60843865	8.83330529	-0.968421336	-41.4595688	-0.956120633	-0.682880403	1.89763927e+161	2.25688609	-0.884743145	-0.168178065	-0.271756293
17	0.927114086	1.19481535	6.46575618	-0.898105508	-180.107077	-0.95075609	-0.673997085	3.10979969e+161	2.01575607	-0.880363895	-0.325352937	-0.246674213
18	1.00959141	1.80513909	9.4509263	-0.919925199	-85.0772904	-0.996412521	-0.797581029	9.95407501e+160	2.47024403	-0.900984566	-0.30439467	-0.299096779
19	1.14389491	1.70756362	9.08361705	-0.969592494	-53.7905383	-0.961566037	-0.710164769	1.84458095e+161	2.36222257	-0.887756166	-0.169498263	-0.283788557
20	1.23229145	1.90622835	9.59391797	-0.970136516	-71.8342911	-0.978375336	-0.754835965	1.7722291e+161	2.57172389	-0.89376787	-0.171563914	-0.307105378
21	1.24734435	2.3030181	11.1872208	-0.97290546	-298.469425	-0.989572617	-0.809405855	8.05211168e+160	2.85961441	-0.900750973	-0.1779509	-0.337130802
22	1.28331948	2.0965583	9.99079059	-0.970693859	-210.274768	-0.979682508	-0.780958927	1.82234177e+161	2.74004678	-0.897509141	-0.172873981	-0.322658904
23	1.28511802	2.10187906	10.0038738	-0.970971028	-405.649867	-0.981501071	-0.780154367	1.82557168e+161	2.74519846	-0.897662347	-0.173008325	-0.323124353
24	1.27153336	2.10478303	10.0300634	-0.97078141	-796.844158	-0.990582217	-0.769729444	1.81837898e+161	2.73516052	-0.8977148	-0.173039487	-0.322302561
25	1.76724216	2.39657948	10.0861031	-0.97108482	-447.738493	-0.992871027	-0.867597626	2.73395491e+161	3.36831326	-0.910556158	-0.173311442	-0.37705034
26	0.400636825	2.47166238	10.7073043	-0.971855524	-1861.63853	-1.00493623	-0.701240038	5.59736328e+159	2.46171159	-0.893870127	-0.175648206	-0.314954037
27	1.82612473	2.82226155	10.5848983	-0.971679663	-500.067287	-1.00312906	-0.90601796	1.70327681e+161	3.53285058	-0.913596602	-0.175167808	-0.384461928
28	-0.80742446	2.7220744	11.8380241	-0.973497973	-305.497577	-1.01996914	-0.537529395	-4.18310115e+161	1.4057805	-0.870985332	-0.180021076	-0.213869986
29	2.31878664	2.83567212	26.0934532	-0.990484006	217.91844	-1.00069201	-1.09977807	2.36492713e+161	3.93180013	-0.935008819	-0.243594883	-0.457817201
30	1.82761345	2.82344962	10.5858618	-0.97171734	-891.358817	-0.999030084	-0.906202109	1.70381027e+161	3.53292934	-0.913607263	-0.17518258	-0.384467011
31	1.31999977	2.39191993	10.6973493	-0.971851645	-892.384162	-1.00308153	-0.83682374	1.77886792e+161	3.50173878	-0.913232338	-0.175575732	-0.38257704
32	1.6250994	2.63074157	10.631693	-0.971762683	-1067.50294	-1.00181738	-0.869731842	1.72312383e+161	3.52310616	-0.913459195	-0.175345574	-0.383659283
33	1.63286495	2.47970688	10.6443493	-0.97179035	-1800.62816	-0.998311841	-0.859959675	1.54129595e+161	3.5169225	-0.91343298	-0.175394567	-0.383363281
34	1.64181021	3.01638133	10.6888302	-0.97184205	-574.562194	-1.00215594	-0.905807096	1.81537793e+161	3.53098083	-0.913633491	-0.175545404	-0.384153997
35	1.48599393	2.16405196	10.6682139	-0.971811789	-2334.41183	-1.00158298	-0.823609201	1.44112362e+161	3.50289676	-0.913275344	-0.175478933	-0.382528501
36	0.987285388	1.73758597	10.8389977	-0.972045598	-3689.41908	-1.00150284	-0.738124542	1.52754015e+161	3.32786205	-0.911121855	-0.176090864	-0.371018268
37	0.29663217	0.920042388	10.9936227	-0.972212254	-6337.07695	-1.0010792	-0.551070508	1.48251372e+161	2.26605583	-0.899392092	-0.176674746	-0.280453538
38	0.451948443	1.31956867	10.9431638	-0.972162269	-5054.54822	-1.00127891	-0.579782063	1.73391569e+161	3.17665064	-0.904813757	-0.176467572	-0.338755783
39	-0.220064936	0.513781061	11.2251767	-0.972485277	-7772.52745	-1.00039535	-0.225653488	1.88482362e+161	2.44928057	-0.889765292	-0.177603524	-0.232406456
40	1.22596213	1.69424117	13.415245	-0.974939525	-3717.46764	-0.99796816	-0.869611262	1.05148922e+161	2.55927969	-0.912336565	-0.186921523	-0.371939522
41	0.451951804	1.31956892	10.943166	-0.972166547	-5837.14314	-1.00062622	-0.579760627	1.73238924e+161	3.17665108	-0.90481535	-0.176468882	-0.338755816
42	0.132993834	0.765852458	11.0026867	-0.972238872	-6841.98509	-1.00135033	-0.289529558	1.70409962e+161	2.26961993	-0.890796801	-0.176674774	-0.270877801
43	0.516257899	1.4203288	10.9783522	-0.972200172	-5084.50961	-1.00026261	-0.685292955	1.72867436e+161	3.33166538	-0.908538231	-0.176616029	-0.357355506
44	0.451953283	1.31956892	10.9431677	-0.972163656	-6228.4406	-1.00052056	-0.579749675	1.73161517e+161	3.17665108	-0.904816156	-0.176468005	-0.338755816
45	0.418720153	1.2639092	10.9462981	-0.972169616	-7001.58209	-1.00034263	-0.550010614	1.7271817e+161	3.08386631	-0.903384411	-0.176479493	-0.331810179
46	0.375869209	1.19284956	10.9495796	-0.972173795	-6505.55609	-1.00039651	-0.511302595	1.72568098e+161	2.96500488	-0.901534236	-0.176490898	-0.322859777
47	0.451959064	1.31956891	10.9431676	-0.972165804	-6424.08933	-1.0005026	-0.579705695	1.72849994e+161	3.17665106	-0.904819391	-0.176468658	-0.338755815
48	0.450857266	1.3177277	10.9432605	-0.972163774	-6815.36621	-1.0005095	-0.578709838	1.72762152e+161	3.17357655	-0.904772711	-0.176468326	-0.338525666
49	0.450193005	1.31661083	10.9433159	-0.97216599	-6032.77507	-1.0005178	-0.57807237	1.7244919e+161	3.17170956	-0.904747119	-0.176469171	-0.338386169
50	0.449777901	1.31591595	10.943352	-0.972163891	-7597.96418	-1.00051593	-0.577695038	1.72364608e+161	3.17054732	-0.904730082	-0.176468642	-0.338299585
51	0.449739752	1.31584153	10.9433587	-0.972166045	-10728.3439	-1.00051159	-0.577606928	1.7205498e+161	3.17042531	-0.904731345	-0.176469316	-0.338290093
52	0.449593266	1.31559011	10.9433763	-0.972163923	-16989.1032	-1.00051311	-0.577460907	1.7197142e+161	3.17000941	-0.904725796	-0.176468723	-0.338258942
53	0.4495173	1.31545333	10.9433809	-0.972166072	-4467.58447	-1.00051513	-0.577346322	1.71662468e+161	3.16978079	-0.904725503	-0.17646939	-0.338241978
54	0.449424958	1.31529598	10.9434089	-0.972163966	-29510.622	-1.00051466	-0.57725246	1.71579585e+161	3.16951814	-0.904722287	-0.176468833	-0.338222399
55	0.449423668	1.31528346	10.9434292	-0.972166135	-79596.697	-1.00051357	-0.577200754	1.71271639e+161	3.16949838	-0.904725191	-0.176469552	-0.338220822
56	0.449420828	1.31527394	10.9434305	-0.972163995	-179768.847	-1.0005139	-0.577183854	1.71189397e+161	3.16948456	-0.904725879	-0.176468903	-0.338219794
57	0.449413115	1.31525115	10.9434311	-0.972166136	20575.453	-1.00051443	-0.57712832	1.70882211e+161	3.16944676	-0.904728498	-0.176469555	-0.33821697
58	-3.61349673	-5.17837926	241.214968	-1.25845706	-300373.441	-1.00196967	2.33685461	6.89548086e+159	-7.48320252	-0.777011863	-0.999840861	0.443773012
59	-1.41778441	-1.68100052	53.1725901	-1.06902666	35694.3603	-1.00109482	0.542567141	2.67099213e+158	-1.63176574	-0.846716425	-0.999911543	0.0238323426
60	0.4494146	1.31525115	10.9434316	-0.972164002	-79596.697	-1.00051965	-0.577116832	1.70800781e+161	3.16944676	-0.904729349	-0.176468907	-0.33821697
61	-0.543444624	-0.385081825	53.3854968	-0.994983033	70528.0469	-1.00086087	0.134958139	1.20301636e+161	0.49616355	-0.874562895	-0.426671188	-0.142286871
62	-1.67977697	-2.04421406	24.4169009	-0.965492943	44570.0979	-1.00217122	1.75324	1.71250922e+161	-2.04811417	-0.800656593	-0.190017136	0.192291898
63	0.0833524271	0.814095982	18.3473347	-0.957256315	33041.9492	-1.00058304	0.0874926091	1.48008984e+161	4.18902816	-0.97420315	-0.291037959	-0.218294132
64	0.251637141	0.938007416	14.4287011	-0.960134278	26794.065	-1.0005713	-0.275946457	1.52941314e+161	2.83839041	-0.93684897	-0.262451782	-0.287866309
65	0.307664107	1.05090547	13.8877894	-0.964138142	23656.5592	-1.0005591	-0.434968378	1.59004865e+161	2.78936737	-0.91604761	-0.233600538	-0.30813515
66	0.172852529	0.807706987	16.8450545	-0.957579802	25135.9176	-1.00060334	-0.332321487	1.48926541e+161	2.43377462	-0.915942164	-0.282519136	-0.280522942
67	0.24093183	0.881218164	14.3448832	-0.95977431	24360.1581	-1.00060621	-0.351786171	1.52916491e+161	2.58127987	-0.914368075	-0.262730797	-0.288115868
68	0.277195136	0.988866898	14.0996468	-0.962375496	24026.1176	-1.00058256	-0.392929547	1.56567657e+161	2.70335875	-0.915197171	-0.245179819	-0.299583628
69	0.299182922	1.03243108	13.9946434	-0.963498561	23848.5153	-1.00056895	-0.421187962	1.57983042e+161	2.76512528	-0.915950183	-0.238264033	-0.305726424
70	0.306037196	1.04645819	13.9334601	-0.963948897	23753.9826	-1.0005652	-0.431943613	1.58568125e+161	2.78436267	-0.91614714	-0.235425315	-0.307645845
71	0.307087292	1.04554064	14.0160384	-0.963510638	23949.619	-1.00056837	-0.432247021	1.57943628e+161	2.78612973	-0.916538522	-0.238084415	-0.307742039
72	0.307893838	1.04125996	14.1253221	-0.962772347	24340.8385	-1.00056794	-0.435429366	1.56869207e+161	2.7859395	-0.917253105	-0.242871375	-0.307843155
73	0.305842053	1.04116264	14.0470609	-0.963219237	24145.0802	-1.0005698	-0.432324113	1.57493525e+161	2.78170661	-0.916750477	-0.239937234	-0.307404333
74	0.307088023	1.04554064	14.0160379	-0.963512682	24047.4434	-1.00057347	-0.43224679	1.57904914e+161	2.78612973	-0.916538557	-0.238084873	-0.307742039
75	0.307046807	1.04539083	14.0161405	-0.963511267	24243.0919	-1.00086006	-0.432106125	1.5528298e+161	2.78588899	-0.916537976	-0.238088114	-0.307720832
76	0.210424394	0.885664293	14.1215274	-0.962978645	24429.2405	-1.0009522	-0.298727349	1.54225851e+161	2.52927638	-0.913414997	-0.24161664	-0.285114933
77	0.275402043	0.992487588	14.0530592	-0.963316239	24402.7572	-1.00088942	-0.378383702	1.54854074e+161	2.70327984	-0.915448542	-0.239376094	-0.299795761
78	0.242586973	0.93795641	14.0858021	-0.963145485	24776.0993	-1.00092506	-0.329186256	1.54518271e+161	2.61652336	-0.914382634	-0.240488618	-0.29209705
79	0.266384708	0.977430782	14.0637946	-0.963257438	24595.7466	-1.00087528	-0.362201358	1.5470365e+161	2.67985511	-0.915140253	-0.239749875	-0.297562333
80	0.266728217	0.977797663	14.0647176	-0.96325394	24204.4498	-1.00078187	-0.365156434	1.54567738e+161	2.68017523	-0.915151867	-0.239771072	-0.297639834
81	0.258713489	0.964605301	14.0721985	-0.963213496	24789.4515	-1.00079887	-0.350437487	1.54502307e+161	2.65957196	-0.914886969	-0.240035994	-0.295723739
82	0.266389896	0.977430782	14.0637949	-0.963256343	24693.571	-1.00045738	-0.362200078	1.54447548e+161	2.67985511	-0.915140475	-0.239749632	-0.297562333
83	0.252792118	0.954760152	14.0789503	-0.963176729	24601.764	-1.00048542	-0.339717105	1.54292042e+161	2.64423203	-0.914687092	-0.240273301	-0.294276646
84	0.24416827	0.940500211	14.0882763	-0.963128782	24563.5647	-1.00047508	-0.325184194	1.54157249e+161	2.62178263	-0.914399099	-0.24059634	-0.292191589
85	0.228136699	0.914345052	14.1050534	-0.963040431	24483.3935	-1.00033472	-0.296941697	1.53715011e+161	2.58054529	-0.913861131	-0.241181309	-0.288299934
86	0.24438716	0.939938742	14.0884919	-0.96312823	24612.4657	-1.00033211	-0.326060174	1.53785768e+161	2.62144714	-0.914401239	-0.24060306	-0.292202916
87	0.244171104	0.940500211	14.0882763	-0.963129073	24588.0208	-1.00081646	-0.325183496	1.5400242e+161	2.62178263	-0.91439923	-0.240596406	-0.292191589
88	0.237191527	0.929089305	14.0957033	-0.963089193	24589.0366	-1.0008633	-0.312669556	1.53864904e+161	2.60384504	-0.914164429	-0.240855862	-0.290492438
89	0.223487276	0.906270141	14.1107786	-0.963008792	24584.6856	-1.00091966	-0.287528736	1.53640983e+161	2.56835378	-0.913698477	-0.241385961	-0.287117256
90	0.230355982	0.917722484	14.1033081	-0.963048488	24585.8085	-1.00090597	-0.29960873	1.53720711e+161	2.58623322	-0.913930439	-0.241125214	-0.288796481
91	0.216997571	0.895469286	14.1177083	-0.962970456	24574.003	-1.00095732	-0.274328563	1.53499371e+161	2.55173683	-0.913473476	-0.24163438	-0.285489126
92	0.223718482	0.906679366	14.1107149	-0.963007921	24579.1426	-1.00094248	-0.286552818	1.53575395e+161	2.56917964	-0.91370207	-0.24138862	-0.287141088
93	0.210825024	0.885200167	14.1244732	-0.962933516	24561.9071	-1.00099311	-0.26139298	1.53339139e+161	2.53598874	-0.913258689	-0.241878058	-0.283933078
94	0.204454612	0.874584963	14.1316016	-0.962894151	24552.554	-1.00104762	-0.24848609	1.52965666e+161	2.5196523	-0.91303843	-0.242132696	-0.282334944
95	0.210837241	0.885200167	14.1244734	-0.962932642	24549.679	-1.00004534	-0.261390676	1.52763414e+161	2.53598874	-0.913259171	-0.241877868	-0.283933078
96	0.209095245	0.882329386	14.1263722	-0.962922226	24561.9036	-1.00004909	-0.257771297	1.52746006e+161	2.53156308	-0.913198949	-0.241946023	-0.283496995
97	0.210584232	0.884487486	14.1247098	-0.962931168	24564.6034	-1.0000504	-0.260664099	1.52731078e+161	2.53511008	-0.913247057	-0.241887157	-0.283846342
98	0.210492824	0.884848802	14.1248414	-0.962930768	24560.6144	-1.00004226	-0.260814762	1.52779685e+161	2.53528626	-0.913249651	-0.241890425	-0.283863717
99	0.210587104	0.885465047	14.1247746	-0.96293142	24561.3166	-1.0000347	-0.261320272	1.52826045e+161	2.53589324	-0.913258109	-0.241886734	-0.283923661
100	0.210565595	0.885382329	14.1247943	-0.962931284	24562.0428	-1.00003544	-0.261243531	1.52821345e+161	2.53580093	-0.91325683	-0.241887566	-0.283914547
101	0.210814642	0.885213623	14.1244998	-0.96293253	24562.0962	-1.00004445	-0.261377313	1.52767992e+161	2.53597175	-0.913258957	-0.241878668	-0.283931403
102	0.210742803	0.885188409	14.1245787	-0.962932157	24561.8864	-1.00004281	-0.261289478	1.52776021e+161	2.53586352	-0.913257511	-0.241881226	-0.283920726
103	0.210832997	0.8851888	14.1244768	-0.96293262	24561.8653	-1.00004418	-0.261378883	1.52762179e+161	2.53597443	-0.913258974	-0.241878001	-0.283931668
104	0.210837241	0.885200167	14.1244734	-0.962932642	24561.8832	-1.00004534	-0.261390676	1.52763414e+161	2.53598874	-0.913259171	-0.241877868	-0.283933078
