#steady-1-residue-evolution
0	4.84562321	-20610.7716	-996.704819	-94678.1268	0	2.22044605e-016	3.7081449e-014	-8.64474722e-081	-104.619338	-9.37147627e+009	5679311	-0.000271170168
1	3.91457686	-18097.3747	-986.491703	-86715.9499	13.6992682	-0.169418512	11.99715	-0.106118829	-115.260943	-3.21982743e+009	5524508.3	-0.000357922422
2	3.5533785	-17150.8916	-983.331167	-79293.2638	74.2525682	-0.720383073	21.9790557	-0.26795315	-120.412265	-859684712	5072142.69	-0.000336538193
3	3.56082993	-16345.0294	-971.235154	-129154.59	188.72085	-1.04203767	-10.4032042	0.0804106888	-125.859497	-5.499703e+009	4474004.62	-0.000346176732
4	3.41409869	-16420.4436	-973.039413	-75515.7588	145.55747	-1.45861798	27.271849	-0.429603316	-123.006561	-258517774	4486960.25	-0.000318099601
5	3.58274222	-16761.1262	-964.52744	-63230.9901	452.404836	-21.3657668	31.6780536	-0.706460317	-119.065128	-4703733.61	2582607.95	-0.000250950003
6	-0.618918675	3128.78884	-6.46592884e-006	-7653.45121	98.8197728	79.3282124	34.9882601	1.68264784	-79.6411645	-37927568.6	34104252.6	-0.000103074656
7	3.38530591	-13556.9613	-789.816069	-64152.2175	3845.14469	-44.2629609	24.7993135	-0.827626515	-81.0673748	-2.0467029	-36923235	-0.000116070752
8	2.65181556	-13385.2653	-946.68643	-27643.4384	444.427022	-20.4828974	37.2203286	-6.99531232	-130.092714	-1619305.77	2533515.53	-0.000409632786
9	1.40833071	-7056.7161	-845.476199	-4346.56911	991.501262	-31.0150054	28.0265889	-13.2540055	-106.188285	-245096.212	-287040.831	-0.000348267719
10	-0.248063852	1093.91832	-773.386043	3998.7257	1838.81687	49.186141	16.3097713	-4.56131426	-82.7690124	-2536172.3	-13389324.2	-7.46892221e-005
11	2.41690427	-29829.0559	-365.807286	1592.67878	1446.88026	-45.1611484	-48.7557182	-10.1152182	-60.6038407	12.422544	-17447777	-0.00133557965
12	0.918008163	-5145.92983	-842.529364	-4481.1861	910.642102	-66.5572703	35.5283225	-17.9403757	-121.062287	-73771.1076	-105713.738	-0.000546795811
13	0.962581993	-5080.36836	-798.315539	-4255.49061	582.057795	16.2665693	33.3751631	-18.4966619	-114.782168	-188048.082	-115819.219	-0.000663322966
14	0.782366102	-4461.78658	-784.813261	-4201.42376	543.259546	14.2341843	35.3092208	-17.896108	-117.058093	-72887.9751	101019.236	-0.000514198164
15	0.734957098	-4238.44649	-783.293372	-4154.29656	1152.76114	-24.0080467	35.765805	-18.5527167	-117.952286	-68129.0431	-3421.86964	-0.000527021725
16	0.288380071	-2014.02608	-770.373465	-3391.25832	1169.70118	-20.0895123	39.4237828	-28.0773697	-124.766713	-35700.0445	34381.566	-0.000660459328
17	0.215494513	-1619.97395	-625.826884	-2777.26943	1430.227	-1.3416244	32.015833	-29.2397999	-101.822218	-45198.3624	-262723.733	-0.000560226911
18	-0.0412564203	16.8875894	-641.752809	-1417.47295	1361.72991	-0.0632682274	30.9571018	-49.5724057	-100.830987	-28573.06	312539.755	-0.000449707621
19	0.266331769	-1893.47047	-768.750259	-3317.83022	1163.90027	-20.6546741	39.3422979	-28.7234315	-124.528888	-35406.9129	-1682.41817	-0.000659546895
20	0.115377992	-1058.10862	-765.592906	-2775.90438	1161.25129	-20.3947475	39.2727417	-35.5045201	-124.204344	-33208.7021	7377.15367	-0.000663651153
21	0.094303597	-799.001046	-758.868564	-2828.83707	1146.84794	-20.878623	38.1197112	-30.2534345	-121.007152	-33891.676	-31436.166	-0.000644858504
22	0.12038447	-1139.19382	-764.287371	-2792.61792	1158.48915	-20.2915861	39.5377467	-35.8732621	-124.8493	-32001.5526	11267.8049	-0.000674486689
23	0.0923922791	-979.472151	-764.027984	-2691.26108	1157.04244	-20.4915842	39.7062533	-37.7965212	-125.181579	-31300.5511	-1750.31077	-0.000680250113
24	-0.0457738975	-178.308146	-763.322635	-2050.66802	1158.0457	-20.1895653	40.6054971	-54.5122053	-126.971233	-27859.3237	9541.97197	-0.000711042872
25	-0.10460555	-49.2799599	-762.901306	-1826.18106	1156.45593	-20.5229474	39.2814837	-64.6201808	-115.575084	-17910.9905	-1667.34055	-0.000888133705
26	-0.0615961298	680.222559	-759.847402	7756.26221	1152.45629	-20.9245109	34.6547721	10.5434583	-98.4889354	-20961.6827	110.769638	-0.000904152423
27	-0.266430367	1183.94476	-760.425071	1370.23322	1153.37619	-20.4014347	39.1593557	65.9879144	-109.947791	-13248.0821	1510.65074	-0.000934056012
28	0.250166862	-4346.77727	-754.69469	-574.23263	1143.68382	-4.20956872	-22.5065284	-8.76943306	4.06522914	-38228.7238	-21001.6543	-0.000366147125
29	-0.214747627	975.674353	-697.503369	-115.468972	680.843839	1.36306414	-27.6302063	-50.9971182	35.9240275	-4084.85915	-1272400.13	-0.00100623949
30	-0.136838158	374.635342	-760.716852	-1103.95456	1153.17655	-20.4375141	39.1106915	-118.66374	-109.956276	-13234.4177	-398.697949	-0.000952783261
31	-0.233753704	1003.22137	-760.052425	920.56473	1152.47517	-20.6694792	36.9039323	76.4831564	-100.770122	-13344.8083	229.198404	-0.000929689871
32	-0.211956603	845.570817	-760.358866	828.076527	1152.94134	-20.3663257	39.5661328	98.3114996	-111.685054	-13193.5863	326.793779	-0.000938565679
33	-0.114609735	288.981249	-760.574872	-1240.581	1152.79562	-20.4003971	39.3383484	-99.6692776	-110.925872	-13175.8174	-262.859942	-0.000952616765
34	-0.246547299	1160.02227	-760.149358	1055.89452	1152.52447	-20.4736843	38.613099	78.7695044	-107.713613	-13194.022	157.571235	-0.000931567595
35	-0.169919386	600.37051	-760.253346	641.114224	1152.68456	-20.5014635	38.3592775	105.526548	-104.481479	-11872.086	216.523327	-0.000999271076
36	-0.169267677	629.895987	-759.694996	350.198351	1151.45661	-20.8482598	35.3136014	113.48267	-80.6424588	-6512.10691	-519.570936	-0.0014271274
37	-0.154703107	596.929572	-759.188106	-7.76760489	1150.58239	-22.2908628	22.459704	108.326542	-50.6319245	-6549.00289	316.054265	-0.00102748929
38	-0.181615664	760.856901	-759.364281	101.245609	1150.84435	-21.4001122	30.4576262	126.246872	-53.4141401	-4862.81789	98.520324	-0.00168594902
39	-0.187595245	919.362439	-758.382541	-176.40704	1149.14047	-23.2353164	4.92763516	155.604593	-10.9573441	-5863.16251	-814.678407	-0.0011219082
40	-0.0559326389	80.0924136	-749.970349	-824.970387	1135.80913	-21.6761568	25.283368	-53.1690809	-83.8047427	-14867.1336	-36805.2246	-0.000820932819
41	-0.175802091	719.51688	-759.411704	-6.02980457	1150.82134	-21.4047014	30.4569299	180.375005	-53.4158535	-4861.84268	-131.540293	-0.00168799561
42	-0.175657847	711.87838	-759.167879	-19.6593634	1150.44029	-22.0691576	24.6486112	118.974945	-45.7968855	-6097.22623	36.7837182	-0.00143877138
43	-0.17286384	698.026646	-759.303096	-90.0298837	1150.6453	-21.7839744	27.1210426	238.968904	-49.0602638	-5830.88624	42.2892099	-0.00151438727
44	-0.174809103	712.616908	-759.420385	-27.9301216	1150.83689	-21.401912	30.4571962	197.802638	-53.4167147	-4861.3477	24.1720718	-0.00168844263
45	-0.172679709	698.052958	-759.423048	-76.6493504	1150.80527	-21.4120516	30.3857959	247.034011	-53.3208405	-4877.62347	-82.1884998	-0.00168521659
46	-0.172782296	698.608002	-759.408515	-72.0515807	1150.78324	-21.443517	30.1187539	232.381198	-52.9590571	-4941.93749	-82.3199232	-0.00167005873
47	-0.17434657	710.267735	-759.421121	-31.6654577	1150.82534	-21.4037491	30.459384	201.142101	-53.4201636	-4859.36091	-91.4190044	-0.00168869236
48	-0.174312115	710.279908	-759.420913	-30.3316199	1150.83627	-21.4015828	30.4598894	199.838206	-53.4209323	-4858.85482	24.2074944	-0.00168870983
49	-0.174071058	709.519423	-759.419515	-28.4561351	1150.82435	-21.4034278	30.4618116	198.130358	-53.4239205	-4856.96756	-91.2731437	-0.00168883522
50	-0.173968705	709.042763	-759.420142	-28.9017739	1150.83566	-21.4013157	30.461994	198.482731	-53.4242851	-4856.55834	24.1994609	-0.00168886578
51	-0.173625934	707.548206	-759.419844	-29.6547997	1150.82407	-21.4031135	30.4644153	199.167264	-53.4279975	-4854.52651	-91.2059095	-0.00168907258
52	-0.173555718	707.302086	-759.420278	-29.2976488	1150.83549	-21.4009539	30.4650118	198.843232	-53.4289099	-4853.98498	24.1899266	-0.00168911518
53	-0.173268408	706.204177	-759.419512	-28.6647363	1150.82391	-21.4027866	30.4670968	198.297855	-53.4321425	-4852.06063	-91.119804	-0.00168927413
54	-0.173182155	705.842377	-759.420061	-28.7302414	1150.83527	-21.4006442	30.4675673	198.351822	-53.4328922	-4851.58466	24.1733778	-0.0016893149
55	-0.172869423	704.559347	-759.419479	-28.7631296	1150.8236	-21.4024533	30.4698433	198.402429	-53.4363934	-4849.59647	-91.0735787	-0.00168949898
56	-0.172791313	704.254992	-759.420053	-28.6328931	1150.83511	-21.4002963	30.4704666	198.294873	-53.4373461	-4849.04329	24.162874	-0.00168954749
57	-0.172493284	701.275526	-759.419412	-28.3116301	557.6794	-1.19358936	30.4726592	198.033242	-53.4407293	-4847.09386	-90.9840542	-0.00168971905
58	-0.0124952289	81.4136608	-2.83028688e-006	11.1841356	-49.1703646	-844.201034	124.63481	-143.452476	-238.348631	-136537.117	-265727317	-6.2900535e-005
59	-0.00449847388	13.8681369	-2.96576672e-006	5.30538904	1321.90749	-2.08597108	-24.5578994	-1.83773764	-41.2189496	-23974.5418	-22969377	-0.000321139185
60	-0.172458227	703.079174	-759.419621	-27.1083731	1150.83508	-21.3999641	30.4732536	196.992028	-53.4416236	-4846.57665	23.9231361	-0.00168974426
61	-0.122195704	413.960581	-528.658272	-35.4341794	728.452831	1.98370195	-25.5088861	39.1664885	8.95611171	-9039.17623	-3425292.58	-0.000742607797
62	-0.175095322	681.655058	-746.802424	-174.987235	525.906493	-0.026836462	9.05034725	-83.5698764	-90.1846346	-78114.6573	2044763.88	-0.000185311821
63	-0.148251716	661.145732	-653.759601	-8.22288938	489.343352	0.00501416315	31.3357701	210.462539	-22.8751711	10.7893005	442463.357	-0.00127278388
64	-0.153780277	625.065408	-680.122578	-13.5317876	501.109293	0.142101965	30.9037925	203.032147	-48.8408858	-177.645254	-55287.077	-0.00168981901
65	-0.160274824	651.864299	-706.730033	-21.7032018	518.738174	0.278986491	29.3525552	190.991858	-51.1225969	-1376.67088	4636.48258	-0.00165643586
66	-0.150216563	642.057751	-661.614126	-25.510532	491.99732	0.0292227608	25.2951998	167.472486	-44.8471917	-1168.86728	264376.531	-0.00148985374
67	-0.15423398	616.529022	-679.862669	-23.0615137	499.541693	0.145995638	27.7090497	179.234087	-48.2987097	-1358.20328	-50030.5948	-0.0015538245
68	-0.15784357	641.126904	-696.0499	-20.1957529	510.823301	0.215146488	29.0612977	187.454778	-50.5869014	-1363.07941	-14487.5342	-0.00162930417
69	-0.159272102	647.579853	-702.428636	-20.0357211	515.84612	0.251989519	29.3389057	189.738514	-51.0569318	-1351.56756	-4830.00185	-0.00165426426
70	-0.159873129	650.19141	-705.046773	-20.4168371	517.882169	0.27039723	29.3506982	189.946197	-51.102411	-1357.87513	-2364.85772	-0.0016566273
71	-0.159282505	648.023382	-702.594322	-18.7036125	515.905589	0.250676296	29.3513077	189.083335	-51.0780043	-1316.89641	132.189944	-0.00165731718
72	-0.158238564	643.721961	-698.179831	-17.3031177	512.60236	0.221452625	29.1984055	187.707604	-50.8006223	-1251.04974	-3510.99467	-0.00165086215
73	-0.158850209	646.141719	-700.88555	-18.3060728	514.594175	0.23997028	29.254236	188.177271	-50.9157071	-1294.93774	-2766.42185	-0.00165203304
74	-0.159279895	648.128204	-702.59352	-17.9478258	515.91486	0.251864906	29.3513429	188.218201	-51.0780619	-1316.89218	-0.833696207	-0.00165730041
75	-0.15869499	652.470041	-702.569177	21.0086891	515.908465	0.308566007	29.3534783	152.414358	-51.0817314	-1316.60025	57.3032896	-0.0016564731
76	-0.157410956	645.744718	-699.308314	9.31866805	513.527393	0.296106908	28.4691871	147.590331	-49.8230931	-1350.53963	337.750335	-0.0016097965
77	-0.158101606	649.216706	-701.379218	18.7610856	515.033676	0.302697685	29.5200224	153.192818	-51.2904373	-1304.19757	-116.720762	-0.00166362079
78	-0.157701246	646.992425	-700.350596	15.4343933	514.270268	0.299719617	29.2929366	151.577538	-50.9616158	-1311.11929	77.4695417	-0.00165221012
79	-0.157762046	647.131926	-701.035572	15.537587	514.770412	0.297087424	29.5525467	155.30104	-51.3305962	-1301.1633	-10.388229	-0.00166539287
80	-0.157044294	642.270138	-701.022983	4.54833793	514.754821	0.280653215	29.4797218	163.804446	-51.2301803	-1306.13322	53.6616921	-0.00166056926
81	-0.157010282	642.173647	-700.777406	5.18576429	514.573933	0.281604161	29.5082823	162.895129	-51.2655019	-1302.57948	38.0771589	-0.00166300299
82	-0.15482618	626.450187	-701.066932	-39.1940341	514.765465	0.214526911	29.551949	214.685675	-51.3309891	-1301.13843	61.0533194	-0.0016667197
83	-0.154781436	626.409771	-700.581917	-36.8347854	514.409589	0.217913599	29.5135443	209.575927	-51.2705061	-1301.25545	68.5437298	-0.00166448547
84	-0.154540933	624.975107	-700.284781	-39.5921405	514.195545	0.213739763	29.4803101	212.518226	-51.2199994	-1301.85671	4.61462344	-0.00166266518
85	-0.153182784	616.316308	-699.755781	-64.0097838	513.801507	0.176557513	29.4189389	254.525003	-51.1270541	-1303.02896	-18.7310609	-0.00165974955
86	-0.153293283	616.762786	-700.289237	-62.7072862	514.19311	0.178641478	29.4527472	253.679361	-51.1820342	-1303.30317	-21.1391056	-0.00166172036
87	-0.156499658	639.952508	-700.259285	4.70327334	514.196859	0.280429482	29.4809855	162.014929	-51.2202148	-1301.84243	-14.4472463	-0.00166158823
88	-0.156589416	641.056786	-700.016526	8.69370053	514.018887	0.286354571	29.4660041	158.008415	-51.1958135	-1301.67239	13.9130461	-0.00166063173
89	-0.156582408	641.586292	-699.52347	12.0707179	513.660478	0.291417191	29.4161922	153.890064	-51.1190737	-1302.39098	0.960981749	-0.00165772043
90	-0.15664004	641.840815	-699.76495	12.0749966	513.837363	0.291240061	29.4597157	154.726302	-51.1834464	-1300.99468	-12.1742831	-0.00166017225
91	-0.156599951	642.119821	-699.291572	14.7712203	513.489702	0.295325513	29.4117455	151.292683	-51.1094669	-1301.68169	20.4450559	-0.00165738814
92	-0.156648976	642.325237	-699.519318	14.6871039	513.656545	0.294932885	29.4532957	152.160976	-51.1710037	-1300.35425	8.82334659	-0.00165971729
93	-0.156586793	642.499308	-699.064187	17.2435173	513.325272	0.298836217	29.4079372	148.963813	-51.1008634	-1300.96466	-3.61355549	-0.00165708962
94	-0.156469602	642.844536	-698.825299	21.4649062	513.150145	0.304849504	29.3840143	145.262257	-51.0639523	-1301.31744	31.2947515	-0.00165560639
95	-0.150496707	599.191415	-699.134978	-137.411824	513.321345	0.0636709761	29.4068124	696.082276	-51.1017716	-1300.91452	53.5610957	-0.0016609779
96	-0.150500512	599.247447	-699.071846	-135.771353	513.274997	0.0661271548	29.4038196	669.550817	-51.0966703	-1300.81662	53.6866492	-0.00166077117
97	-0.150494191	599.187134	-699.126035	-135.162485	513.314778	0.0671128305	29.4065027	660.313632	-51.1012118	-1300.8941	53.5329184	-0.00166090245
98	-0.150494592	599.180283	-699.123628	-138.858434	513.313011	0.0614429244	29.4063887	721.183152	-51.1010175	-1300.89037	53.5416829	-0.0016609912
99	-0.150496283	599.178331	-699.127594	-142.614827	513.315924	0.0556850038	29.4064845	795.763964	-51.1012056	-1300.90174	53.5695691	-0.00166109343
100	-0.150495963	599.177018	-699.126772	-142.229741	513.315318	0.0562750036	29.4064642	787.415387	-51.1011661	-1300.89941	53.5664441	-0.00166108245
101	-0.150495991	599.185661	-699.134307	-137.824348	513.320847	0.0630379099	29.4067831	703.06145	-51.1017211	-1300.91329	53.5674547	-0.00166098686
102	-0.150494298	599.173002	-699.13207	-138.593055	513.319191	0.0618574282	29.4066903	716.446419	-51.1015597	-1300.90896	53.5798996	-0.00166100142
103	-0.150488736	599.134953	-699.134942	-137.946805	513.321246	0.0628514535	29.4068054	705.150324	-51.1017632	-1300.91422	53.6356102	-0.00166099113
104	-0.150496707	599.191415	-699.134978	-137.411824	513.321345	0.0636709761	29.4068124	696.082276	-51.1017716	-1300.91452	53.5610957	-0.0016609779
