#steady-1-residue-evolution
0	-43.9367169	75853.9819	-745.487388	3663.58869	0.0299235783	-2.82844387	4.42384988	-28.7196535	-1.55963802e+015	5679311	0.0203482587
1	1446.20156	6315565.47	-768.700017	-101572.665	1.75324557e+009	-2696.5278	2486.27569	-30744.0199	-2.7179306e+015	5313557.96	-4.87571712e-005
2	1173.66525	12953408	-702.989642	-87518.6951	1.14183455e+009	-2311.85463	2039.19382	-23752.0126	-2.64546426e+015	4963880.75	-6.86526095e-005
3	1460.33687	7062376.92	-811.340969	-100517.521	1.79025017e+009	-3162.5842	2519.554	-35153.6666	-2.7926342e+015	5593362.25	-4.59215726e-005
4	1375.09928	8148256.07	-790.615725	-96191.7482	1.58278503e+009	-3017.45047	2381.87996	-32622.4085	-2.76407491e+015	5463343.04	-5.07503775e-005
5	1451.43097	7189858.03	-824.211925	-100623.243	1.76871326e+009	-3314.74142	2494.36308	-36497.8043	-2.81702253e+015	5686299.65	0.446290749
6	1165.0233	9348447.84	-727.956807	-92461.7551	1.12635226e+009	-2494.99859	1952.64315	-24923.0213	-2.68200152e+015	5092563.69	-7.44072981e-005
7	1226.74964	9079109.83	-800.746187	-98023.8659	1.25349182e+009	-3179.40715	2045.25479	-27246.5389	-2.82743339e+015	5578162.47	-0.000109499224
8	3189.71146	15455476.2	-794.848672	-97233.8317	8.67143215e+009	-1969.42391	8152.84847	-137515.318	-2.79281709e+015	5707749.36	-2.34327454e-005
9	517.91422	2976219.86	-760.548981	-150728.987	218894491	-678.522294	551.117961	-6352.643	-3.20133772e+015	5710899.62	-0.000213937596
10	-55.274063	121389.752	-744.153881	5315.11539	-1324015.53	4.03390546	11.0454568	35.6769673	-1.64167683e+015	5663687.35	-0.124238688
11	90.8125011	3048636.12	-746.154379	10488.3974	8944811.69	-31.2971544	145.281066	-471.521048	-8.85286098e+017	5687121.4	-0.000828362692
12	-44.0133884	76936.4624	-744.844695	3646.99397	14622.9733	-2.82409349	4.40707708	-28.6944859	-1.56026957e+015	5674467.03	0.0203330976
13	-43.9871849	76537.4266	-745.207562	3662.62059	4584.02487	-2.81087344	4.44125216	-28.4814296	-1.56046153e+015	5677019.08	0.0204197229
14	-43.9858174	76153.5888	-745.346271	3666.88736	-2214.48032	-2.80890117	4.44541487	-28.4482562	-1.56050911e+015	5678057.98	0.0204311544
15	-43.9876098	76039.7535	-745.410731	3668.65366	-4424.21824	-2.80827347	4.44618777	-28.4362489	-1.56050827e+015	5678545.22	0.0204342032
16	-43.9892508	76009.6335	-745.444653	3669.59806	-5191.11481	-2.80789608	4.44665109	-28.4279785	-1.56046963e+015	5678813.06	0.0204362768
17	-43.9902806	76011.4079	-745.46749	3670.44619	-5506.58717	-2.80730564	4.44801049	-28.4147128	-1.560352e+015	5679024.05	0.0204406451
18	-43.9905619	76032.759	-745.484363	3671.41209	-5624.64157	-2.80634058	4.45068248	-28.3934426	-1.56013944e+015	5679223.79	0.0204484485
19	-43.990093	76073.9092	-745.483344	3671.91835	-5294.73171	-2.80533089	4.45316265	-28.3758724	-1.56006062e+015	5679286.33	0.0204553591
20	-43.8270518	75424.4751	-745.487072	3646.63386	11054.6216	-2.87375798	4.3648681	-29.4152508	-1.55882491e+015	5679318.31	0.020135166
21	-43.6048978	74555.4235	-745.486439	3612.56259	33376.3491	-2.96517355	4.24552263	-30.8166604	-1.55717491e+015	5679332.93	0.0197173497
22	-43.1490502	72776.467	-745.485175	3543.77967	78876.5746	-3.15118274	4.00120662	-33.6606673	-1.55377716e+015	5679362.18	0.0189138765
23	-42.1891362	69049.3183	-745.482645	3403.70681	173354.903	-3.53614477	3.48926296	-39.5160537	-1.54656839e+015	5679420.67	0.0174258278
24	-40.0580608	60867.7582	-745.477586	3114.07823	376588.952	-4.35972207	2.36504992	-51.9172518	-1.53029458e+015	5679537.65	0.0148583846
25	-34.762743	41118.4587	-745.467469	2503.53115	841990.578	-6.2369684	-0.353780181	-79.647215	-1.48813326e+015	5679771.61	0.0109538978
26	-16.980842	-5087.03995	-745.447234	1357.4785	1931652.62	-11.0430034	-8.56141198	-142.889022	-5.20212362e+014	5680239.53	0.006113315
27	5.84983188	-1294.94062	-745.42465	1753.04428	1392799.1	-14.2949494	-15.9151427	-125.056681	-1.65703849e+011	5680401.8	0.00435126106
28	5.85609101	-1301.21147	-745.420513	1753.24956	1392262.11	-14.2958983	-15.9169451	-125.050156	-1.6525877e+011	5680370.36	0.00434330144
29	5.86127114	-1305.64847	-745.384972	1753.27247	1392168.32	-14.2955296	-15.9178152	-125.0375	-1.64885081e+011	5680099.63	0.00433950717
30	8.56687024	-4306.04276	-745.363902	1886.88694	971467.293	-14.4777642	-16.56887	-117.023657	-5.25578117e+010	5679942.81	0.00419668855
31	9.59241369	-5767.45658	-745.282506	1941.20804	762567.602	-14.5346936	-16.8024928	-113.663576	-3.34739324e+010	5679323.83	0.00414019229
32	10.3050795	-6901.79848	-745.114672	1979.87434	598290.628	-14.5687542	-16.9588373	-111.212639	-2.44966457e+010	5678046.19	0.00409889827
33	10.8616943	-7861.52591	-745.090075	2010.77097	453072.038	-14.5956055	-17.0812037	-109.271449	-1.88386044e+010	5677860.12	0.00406511901
34	11.2726774	-8589.43124	-744.275605	2031.58036	337732.702	-14.6006037	-17.1553064	-107.704024	-1.58976726e+010	5671663.38	0.00402914952
35	11.6818337	-9385.27271	-743.612152	2054.72658	223026.288	-14.605514	-17.2303783	-106.051997	-1.37058188e+010	5666607.57	0.00401858129
36	12.0970739	-10221.6163	-742.809215	2078.53115	84362.1583	-14.6052941	-17.3011192	-104.279042	-1.24106252e+010	5660486.94	0.00395994247
37	12.3750541	-10876.0984	-739.866473	2087.60506	24618.2462	-14.5618751	-17.3008173	-102.741137	-1.29938004e+010	5638217.18	0.00396566192
38	12.4854279	-11019.9286	-742.00702	2101.29982	-71860.8885	-14.6033467	-17.3653965	-102.580846	-1.13719816e+010	5654310.77	0.00391391944
39	12.7829348	-11779.4985	-740.486355	2115.19276	-146624.533	-14.5863504	-17.3967932	-101.194447	-1.08284051e+010	5642794.53	0.00389807077
40	13.0622939	-12491.2347	-740.333514	2130.02885	-231343.01	-14.5954634	-17.4519058	-100.188014	-9.02301215e+009	5641698.25	0.00387544845
41	13.1569746	-12801.5352	-738.231975	2127.72343	-229629.036	-14.5642367	-17.4318147	-99.6475917	-8.94336789e+009	5625917.28	0.00382106035
42	13.402089	-13486.0343	-737.986708	2140.30613	-300013.432	-14.5694027	-17.4767957	-98.7378515	-7.80660043e+009	5624169.45	0.00375387491
43	13.5762521	-13990.8907	-736.939077	2147.25288	-355400.07	-14.557481	-17.4921683	-97.9506824	-7.27593537e+009	5616303.21	0.00365122413
44	13.7527434	-14522.4805	-735.621804	2154.15984	-418278.405	-14.5396373	-17.5019719	-97.0738576	-6.87563953e+009	5606363.35	0.00376184184
45	13.2628544	-13517.6708	-731.538391	2101.93372	-48942.7194	-14.4665727	-17.3326246	-99.0919412	-7.80107686e+009	5576552.09	0.00386890359
46	13.7914588	-14983.5656	-733.615526	2147.4343	-306518.714	-14.507573	-17.4709769	-96.801618	-7.06085339e+009	5591764.04	0.00376059371
47	16.7515158	-24200.631	-735.119365	2345.07884	-2390592.36	-14.5902312	-18.0559141	-84.3158584	-1.58834095e+009	5602537.69	0.00346496643
48	19.4642221	-38322.9898	-734.542199	1364.37181	-3909851.01	-14.592801	-21.1106237	-196.451891	-1.65089947e+015	5598147.63	0.00361191899
49	16.7653349	-24270.2459	-735.063389	2345.9662	-2408245.71	-14.589128	-18.056953	-84.2371702	-1.52878932e+009	5602111.68	0.00346291202
50	20.8039117	-45339.1092	-734.793208	1413.15919	-7515807.54	-14.6068409	-21.4905393	-196.586981	-1.57270435e+015	5600053.67	0.0035661415
51	16.7652025	-24270.0752	-735.057198	2345.94704	-2408234.06	-14.5890052	-18.0568024	-84.2364201	-1.51747494e+009	5602064.49	0.00346288181
52	16.7651404	-24270.0044	-735.054106	2345.93772	-2408231.8	-14.5889439	-18.056728	-84.2360283	-1.51184124e+009	5602040.93	0.0034628663
53	16.7651133	-24269.9842	-735.05256	2345.93334	-2408234.48	-14.5889133	-18.0566915	-84.2358146	-1.50902791e+009	5602029.15	0.00346285808
54	16.7651038	-24269.9894	-735.051788	2345.93141	-2408239.65	-14.5888981	-18.056674	-84.2356898	-1.50761984e+009	5602023.26	0.0034628535
55	16.7651032	-24270.0072	-735.051402	2345.93072	-2408246.07	-14.5888905	-18.056666	-84.2356094	-1.50691318e+009	5602020.32	0.00346285074
56	16.7651069	-24270.0314	-735.051209	2345.93065	-2408253.13	-14.5888868	-18.0566627	-84.2355512	-1.5065569e+009	5602018.85	0.0034628489
57	16.7651128	-24270.0588	-735.051113	2345.93088	-2408260.49	-14.588885	-18.0566618	-84.2355041	-1.50637575e+009	5602018.12	0.00346284751
58	16.7651198	-24270.0878	-735.051065	2345.93127	-2408268.02	-14.5888841	-18.0566621	-84.2354626	-1.50628213e+009	5602017.75	0.00346284636
59	16.7651274	-24270.1176	-735.051042	2345.93173	-2408275.62	-14.5888838	-18.0566629	-84.2354238	-1.50623228e+009	5602017.57	0.00346284531
60	16.7651277	-24270.118	-735.051054	2345.93177	-2408275.66	-14.588884	-18.0566632	-84.2354252	-1.50625416e+009	5602017.67	0.00346284537
61	16.7651278	-24270.1182	-735.05106	2345.93179	-2408275.68	-14.5888841	-18.0566634	-84.2354259	-1.5062651e+009	5602017.71	0.00346284539
62	16.7651279	-24270.1183	-735.051063	2345.9318	-2408275.69	-14.5888842	-18.0566635	-84.2354262	-1.50627057e+009	5602017.74	0.00346284541
63	16.7651279	-24270.1184	-735.051064	2345.9318	-2408275.7	-14.5888842	-18.0566635	-84.2354264	-1.50627331e+009	5602017.75	0.00346284542
64	16.7651279	-24270.1184	-735.051065	2345.93181	-2408275.7	-14.5888842	-18.0566635	-84.2354265	-1.50627467e+009	5602017.75	0.00346284542
65	16.765128	-24270.1184	-735.051065	2345.93181	-2408275.7	-14.5888842	-18.0566635	-84.2354265	-1.50627536e+009	5602017.76	0.00346284542
66	16.765128	-24270.1184	-735.051065	2345.93181	-2408275.7	-14.5888842	-18.0566635	-84.2354265	-1.50627638e+009	5602017.76	0.00346284542
67	16.765128	-24270.1184	-735.051065	2345.93181	-2408275.7	-14.5888842	-18.0566635	-84.2354265	-1.50627587e+009	5602017.76	0.00346284542
68	16.765128	-24270.1184	-735.051065	2345.93181	-2408275.7	-14.5888842	-18.0566635	-84.2354265	-1.50627612e+009	5602017.76	0.00346284542
69	16.765128	-24270.1184	-735.051065	2345.93181	-2408275.7	-14.5888842	-18.0566635	-84.2354265	-1.506276e+009	5602017.76	0.00346284542
70	16.7651264	-24270.1126	-735.051065	2345.93171	-2408274.25	-14.5888842	-18.0566633	-84.2354333	-1.5062772e+009	5602017.76	0.0034628456
71	16.7651231	-24270.1002	-735.051065	2345.93149	-2408271.14	-14.5888842	-18.0566627	-84.235448	-1.50627967e+009	5602017.76	0.00346284598
72	16.7651297	-24270.125	-735.051066	2345.93192	-2408277.37	-14.5888843	-18.0566639	-84.2354187	-1.50627473e+009	5602017.76	0.00346284522
73	16.7651429	-24270.1747	-735.051066	2345.9328	-2408289.84	-14.5888844	-18.0566662	-84.2353603	-1.50626487e+009	5602017.76	0.00346284371
74	16.782957	-24337.3391	-735.051066	2347.1168	-2425194.91	-14.5890885	-18.0598722	-84.1561651	-1.49295057e+009	5602017.76	0.00346079045
75	16.8190653	-24473.8613	-735.051066	2349.51826	-2459728.65	-14.5894966	-18.0663656	-83.9954996	-1.46631092e+009	5602017.77	0.00345661501
76	16.8933306	-24756.2708	-735.051065	2354.46387	-2531904.16	-14.5903128	-18.0797002	-83.6644619	-1.4129558e+009	5602017.78	0.00344796965
77	17.0512878	-25364.2459	-735.051064	2365.01165	-2690760.38	-14.5919453	-18.1079698	-82.9577291	-1.30563708e+009	5602017.8	0.00342931902
78	17.4203408	-26824.2673	-735.051062	2389.80725	-3092909.97	-14.5952107	-18.1735351	-81.2925897	-1.08469447e+009	5602017.85	0.00338429301
79	19.4372742	-38211.5747	-735.051058	1363.91682	-3889370.02	-14.6017429	-21.114889	-196.687713	-1.57504405e+015	5602017.94	0.00361023853
80	17.4203399	-26824.2646	-735.051046	2389.80716	-3092909.27	-14.5952104	-18.1735346	-81.2925904	-1.08469477e+009	5602017.72	0.003384293
81	17.6482869	-27754.4238	-735.051061	2405.22745	-3365638.8	-14.5968436	-18.2136973	-80.2544376	-966767735	5602017.87	0.0033554142
82	18.3824685	-30904.4028	-735.051059	2455.4311	-4401386.06	-14.6001097	-18.3413618	-76.861075	-665250692	5602017.92	0.00325632358
83	20.2659787	-42429.7284	-735.051055	1394.44126	-5741985.03	-14.6066433	-21.3420715	-196.635397	-1.54836398e+015	5602018.01	0.0035838348
84	18.382467	-30904.3975	-735.051043	2455.43097	-4401384.19	-14.6001094	-18.3413612	-76.8610785	-665251070	5602017.8	0.00325632366
85	19.4372742	-38211.5747	-735.051058	1363.91682	-3889370.02	-14.6017429	-21.114889	-196.687713	-1.57504405e+015	5602017.94	0.00361023853
86	18.3824682	-30904.4015	-735.051055	2455.43106	-4401385.62	-14.6001096	-18.3413616	-76.8610758	-665250783	5602017.89	0.0032563236
87	18.3824682	-30904.4015	-735.051059	2455.43108	-4401385.6	-14.6001097	-18.3413617	-76.8610763	-665250813	5602017.92	0.00325632363
88	18.3824682	-30904.4015	-735.051058	2455.43107	-4401385.59	-14.6001097	-18.3413617	-76.8610762	-665250772	5602017.91	0.00325632362
89	18.3824682	-30904.4015	-735.051059	2455.43107	-4401385.59	-14.6001097	-18.3413617	-76.8610763	-665250802	5602017.92	0.00325632363
90	18.3824682	-30904.4015	-735.051059	2455.43108	-4401385.59	-14.6001097	-18.3413617	-76.8610763	-665250784	5602017.92	0.00325632363
91	18.3824682	-30904.4015	-735.051059	2455.43108	-4401385.59	-14.6001097	-18.3413617	-76.8610763	-665250795	5602017.92	0.00325632363
92	18.3824682	-30904.4015	-735.051059	2455.43108	-4401385.59	-14.6001097	-18.3413617	-76.8610763	-665250789	5602017.92	0.00325632363
93	18.3824682	-30904.4015	-735.051059	2455.43108	-4401385.59	-14.6001097	-18.3413617	-76.8610763	-665250792	5602017.92	0.00325632363
94	18.3824682	-30904.4015	-735.051059	2455.43108	-4401385.59	-14.6001097	-18.3413617	-76.8610763	-665250791	5602017.92	0.00325632363
95	18.3824682	-30904.4015	-735.051059	2455.43108	-4401385.59	-14.6001097	-18.3413617	-76.8610763	-665250792	5602017.92	0.00325632363
96	18.3824682	-30904.4015	-735.051059	2455.43108	-4401385.59	-14.6001097	-18.3413617	-76.8610763	-665250791	5602017.92	0.00325632363
97	18.3824682	-30904.4015	-735.051059	2455.43108	-4401385.59	-14.6001097	-18.3413617	-76.8610763	-665250791	5602017.92	0.00325632363
98	18.3824682	-30904.4015	-735.051059	2455.43108	-4401385.59	-14.6001097	-18.3413617	-76.8610763	-665250791	5602017.92	0.00325632363
99	18.3824682	-30904.4015	-735.051059	2455.43108	-4401385.59	-14.6001097	-18.3413617	-76.8610763	-665250791	5602017.92	0.00325632363
100	18.3824682	-30904.4015	-735.051059	2455.43108	-4401385.59	-14.6001097	-18.3413617	-76.8610763	-665250791	5602017.92	0.00325632363
101	18.3824682	-30904.4015	-735.051059	2455.43108	-4401385.59	-14.6001097	-18.3413617	-76.8610763	-665250791	5602017.92	0.00325632363
102	18.3824738	-30904.4262	-735.051059	2455.43146	-4401394.46	-14.6001097	-18.3413627	-76.8610505	-665248906	5602017.92	0.00325632284
